Fitting model using dynesty...

model fit after 156.84 seconds

run_params: {'outfile': '04.08.1247-dyn.h5', 'dynesty': True, 'emcee': False, 'optimization': True, 'nested_method': 'rwalk', 'nested_nlive': 200, 'nested_nlive_init': 200, 'nlive_init': 100, 'nested_nlive_batch': 20, 'nlive_batch': 20, 'nested_dlogz_init': 1000, 'nested_target_n_effective': 500, 'nested_neff': 500, 'nested_maxcall': 1000, 'nested_maxcall_init': 1000, 'nested_maxbatch': 0, 'verbose': 1, 'nwalkers': 32, 'niter': 100, 'showplots': False, 'fitnewmodel': True, 'readfile': None, 'minimize': False}

sampling_result:          niter: 573
         ncall: array([ 1,  1,  1,  1,  1,  2,  1,  1,  1,  1,  1,  1,  2,  1,  1,  1,  1,
        1,  1,  1,  1,  1,  1,  1,  1,  1,  1,  2,  1,  1,  1,  1,  1,  1,
        1,  1,  1,  2,  1,  1,  1,  2,  1,  1,  2,  1,  1,  2,  1,  1,  1,
        2,  1,  1,  1,  1,  1,  1,  1,  1,  3,  1,  3,  2,  1,  1,  3,  1,
        3,  1,  2,  1,  1,  1,  2,  1,  1,  2,  1,  1,  3,  1,  2,  2,  1,
        2,  2,  3,  3,  2,  2,  1,  1,  1,  1,  4,  1,  2,  1,  1,  2,  1,
        1,  4,  1,  1,  4,  1,  2,  2,  1,  1,  1,  1,  2,  3,  1,  1,  1,
        2,  2,  1,  1,  1,  1,  2,  2,  3,  1,  2,  2,  1,  2,  2,  1,  1,
        2,  1,  1,  3,  2,  1,  3,  1,  2,  2,  1,  1,  4,  1,  2,  2,  2,
        1,  2,  2,  1,  2,  1,  2,  2,  1,  2,  1,  3,  3,  2,  1,  1,  1,
        1,  2,  1,  4,  1,  6,  4,  1, 11,  3,  1,  1,  5,  2,  1,  1,  3,
        1,  4,  2,  2,  1,  2,  1,  1,  1,  1,  3,  1,  1,  3,  1,  1,  2,
        3,  3,  4,  1,  1,  2,  3,  3,  1,  1,  1,  2,  1,  3,  2,  3,  2,
        1,  1,  3,  2,  3,  5,  1,  3,  1,  1,  4,  3,  4,  2,  2,  3,  1,
        2,  5,  3,  4,  1,  6,  1,  3, 10,  1,  3,  3,  5,  2,  2,  4, 16,
        2,  4,  1,  4,  4,  3,  3,  4,  2,  4,  4,  1,  2, 13,  3,  1,  2,
        1, 10,  8,  4,  1,  1,  3,  6,  3,  2,  5, 13,  1,  1,  1, 13,  2,
        4,  3,  4,  2,  1,  2,  1,  3,  4,  5,  4,  2,  9,  2,  6,  7,  3,
        2,  2,  5,  4,  7,  3, 15,  4,  2,  7,  2,  2,  8,  3,  8,  4,  7,
        4,  4,  3,  1,  3,  3, 18,  8,  5,  5, 11,  5,  1,  5,  1,  4,  1,
        2,  4,  8,  2,  3,  1,  3,  2,  3,  7,  3,  3,  1,  5,  3,  3, 25,
        2,  8,  4,  9,  1,  7,  1,  5,  2,  2,  6,  2,  1, 11, 24,  2,  1,
        1,  1,  1,  1,  1,  1,  1,  1,  1,  1,  1,  1,  1,  1,  1,  1,  1,
        1,  1,  1,  1,  1,  1,  1,  1,  1,  1,  1,  1,  1,  1,  1,  1,  1,
        1,  1,  1,  1,  1,  1,  1,  1,  1,  1,  1,  1,  1,  1,  1,  1,  1,
        1,  1,  1,  1,  1,  1,  1,  1,  1,  1,  1,  1,  1,  1,  1,  1,  1,
        1,  1,  1,  1,  1,  1,  1,  1,  1,  1,  1,  1,  1,  1,  1,  1,  1,
        1,  1,  1,  1,  1,  1,  1,  1,  1,  1,  1,  1,  1,  1,  1,  1,  1,
        1,  1,  1,  1,  1,  1,  1,  1,  1,  1,  1,  1,  1,  1,  1,  1,  1,
        1,  1,  1,  1,  1,  1,  1,  1,  1,  1,  1,  1,  1,  1,  1,  1,  1,
        1,  1,  1,  1,  1,  1,  1,  1,  1,  1,  1,  1,  1,  1,  1,  1,  1,
        1,  1,  1,  1,  1,  1,  1,  1,  1,  1,  1,  1,  1,  1,  1,  1,  1,
        1,  1,  1,  1,  1,  1,  1,  1,  1,  1,  1,  1,  1,  1,  1,  1,  1,
        1,  1,  1,  1,  1,  1,  1,  1,  1,  1,  1,  1])
           eff: 47.67054908485857
       samples: array([[ 8.47929515, -1.11347735,  0.35125571, ...,  1.17782535,
        -1.74395102,  1.69687715],
       [ 8.20787763, -0.22813416,  0.26191324, ...,  1.32939603,
        -1.20458204,  0.81225279],
       [ 8.07470977, -1.12188314,  0.83073016, ...,  1.34720008,
        -3.0613588 ,  0.79587485],
       ...,
       [ 8.77850682, -0.48811491,  0.41259595, ...,  0.743433  ,
        -2.42416789,  1.28970941],
       [ 8.60940262, -0.77352583,  0.01033682, ...,  0.47267079,
        -2.99945859,  1.07226425],
       [ 8.50961826, -0.78854216,  0.1456321 , ...,  0.99342953,
        -1.44882335,  0.45649414]], shape=(573, 15))
    samples_id: array([ 10, 158, 173, 106, 117, 181, 160, 142,  61,  94, 163, 118, 197,
       187, 118, 181, 129,  85,  33, 187,  75, 182,  90,  41, 122, 186,
        56, 119, 125,  91,  63, 150, 174, 194,  59, 146, 111, 198, 115,
       173, 140,  79,  96, 165, 167, 142, 199,  50, 176, 140, 115, 130,
       160,  93, 152, 117,  99,  76, 194,  43, 182,  45, 122, 177, 181,
       185,  51, 154,   1,   3,  35,  11, 185, 167, 128, 160,  89, 118,
       163,  85,  45,  45, 186,  23,  34, 112, 138, 132, 186,  51, 179,
       117, 152,  14,  81, 134, 118,  49,  17,  27, 162,  11,  78,  26,
        18, 106, 162, 159, 178,  94, 106,  68,  88, 105, 132, 176,  48,
        64,  22,  36, 110, 194, 194, 148, 176,   0, 136,  20, 170, 101,
       164,  64, 197, 155,   9, 191, 162,  20,  21, 151, 138,  44,  55,
       104,  57, 185,  57, 179,  43, 175,  32, 148,   4,  26,  42, 100,
       105,  55, 134,   6,  22,  87, 109, 129,  71, 163,  20,  13, 138,
        11,  97, 137, 131, 104, 149,  20, 108, 192,  72, 146,  77, 153,
       142,  86,  56,  18, 132, 144, 167, 134, 171, 118,   1, 186, 130,
       116,  68, 187, 167, 139, 162, 163,  58, 157,  73,  53, 148,  98,
        31, 115, 125, 171,  42, 156, 154, 122,  30,   7,  84, 156,  33,
       154,  21,   5, 169,  40,  54,  12, 126, 144, 154,  23, 127, 130,
        99, 198,  88, 192, 153, 147,  50,  43, 127, 124, 148,  41, 186,
       149,  97, 112,  48, 162, 113,  87,  56, 133, 147, 132, 133,  85,
       144, 194, 175,  72, 174,  83,  89, 104,  56,   0, 186,  98,  74,
        82,  73, 101,  72, 166, 172, 163, 146,   1, 175,  34,   4, 145,
         6,  97, 162, 192,  74, 110, 148, 105, 143, 118,  31, 148,  87,
       193,  31,  74, 100, 191,  79, 126,  88,  14, 156, 172, 198,  11,
       163, 146, 149, 100,  37, 167,  37,   1, 125, 192, 164,   3, 109,
       160, 100, 195, 100, 108, 155,  86,  45, 188, 131,  17,  61, 139,
        63,  22,  34,  51, 102, 159,  73,   5,  24,  87,  53,   1,   0,
       120, 156,  13,  43,  44, 162,  34, 121, 102,  90,  88, 127, 131,
       186, 177, 184, 106, 110,  70,  49, 145, 125,  43,  74,  58, 135,
        36,  96,   1, 189, 106,   7,  55,  46,  17,  98,  70, 151, 158,
       101,  34,  60,  75,  13,  87,  20, 107,  50,  15, 196,  93, 113,
       161, 155,  49, 141,  24,  59, 132,   3,  30,  19, 105, 197,  37,
       187,  81, 129,  64, 139,  35,   5, 154,  45,  47, 128,  62, 191,
        57, 104, 172,  63, 150, 123,  41, 177,  31, 144,  68,  83, 166,
        27,  48,  90,   2, 168,  22, 185, 116, 124,  28, 169, 118, 148,
       114, 184,  78,  12, 112, 134, 195, 142, 125, 147, 153, 127, 180,
       170, 199, 164,  85, 146, 186, 156, 102, 190,  91, 108,  94,  29,
       121, 175,  99, 137,  72,  25,  86,  38, 194, 122, 103,   6,  23,
        52,  14, 100, 165, 130,  11, 157, 160,  69,  42, 126, 188,  65,
        18,  10, 181, 171,  40, 198,  95,  80,  66, 109,  88, 115,  84,
        77, 131,  97,  44,  51,  67,  56, 192,  21,  39, 183,  79, 176,
       136,  73, 133,  76,  89, 162, 111,  33, 174, 193,  32, 117,   0,
        53, 143,   4, 178, 140, 163, 110, 173,  26,  61, 149, 119,  71,
       179,   8,   9,  92,  16, 167, 145, 159,  82, 152,  54, 138, 120,
       182])
 samples_batch: array([0, 0, 0, 0, 0, 0, 0, 0, 0, 0, 0, 0, 0, 0, 0, 0, 0, 0, 0, 0, 0, 0,
       0, 0, 0, 0, 0, 0, 0, 0, 0, 0, 0, 0, 0, 0, 0, 0, 0, 0, 0, 0, 0, 0,
       0, 0, 0, 0, 0, 0, 0, 0, 0, 0, 0, 0, 0, 0, 0, 0, 0, 0, 0, 0, 0, 0,
       0, 0, 0, 0, 0, 0, 0, 0, 0, 0, 0, 0, 0, 0, 0, 0, 0, 0, 0, 0, 0, 0,
       0, 0, 0, 0, 0, 0, 0, 0, 0, 0, 0, 0, 0, 0, 0, 0, 0, 0, 0, 0, 0, 0,
       0, 0, 0, 0, 0, 0, 0, 0, 0, 0, 0, 0, 0, 0, 0, 0, 0, 0, 0, 0, 0, 0,
       0, 0, 0, 0, 0, 0, 0, 0, 0, 0, 0, 0, 0, 0, 0, 0, 0, 0, 0, 0, 0, 0,
       0, 0, 0, 0, 0, 0, 0, 0, 0, 0, 0, 0, 0, 0, 0, 0, 0, 0, 0, 0, 0, 0,
       0, 0, 0, 0, 0, 0, 0, 0, 0, 0, 0, 0, 0, 0, 0, 0, 0, 0, 0, 0, 0, 0,
       0, 0, 0, 0, 0, 0, 0, 0, 0, 0, 0, 0, 0, 0, 0, 0, 0, 0, 0, 0, 0, 0,
       0, 0, 0, 0, 0, 0, 0, 0, 0, 0, 0, 0, 0, 0, 0, 0, 0, 0, 0, 0, 0, 0,
       0, 0, 0, 0, 0, 0, 0, 0, 0, 0, 0, 0, 0, 0, 0, 0, 0, 0, 0, 0, 0, 0,
       0, 0, 0, 0, 0, 0, 0, 0, 0, 0, 0, 0, 0, 0, 0, 0, 0, 0, 0, 0, 0, 0,
       0, 0, 0, 0, 0, 0, 0, 0, 0, 0, 0, 0, 0, 0, 0, 0, 0, 0, 0, 0, 0, 0,
       0, 0, 0, 0, 0, 0, 0, 0, 0, 0, 0, 0, 0, 0, 0, 0, 0, 0, 0, 0, 0, 0,
       0, 0, 0, 0, 0, 0, 0, 0, 0, 0, 0, 0, 0, 0, 0, 0, 0, 0, 0, 0, 0, 0,
       0, 0, 0, 0, 0, 0, 0, 0, 0, 0, 0, 0, 0, 0, 0, 0, 0, 0, 0, 0, 0, 0,
       0, 0, 0, 0, 0, 0, 0, 0, 0, 0, 0, 0, 0, 0, 0, 0, 0, 0, 0, 0, 0, 0,
       0, 0, 0, 0, 0, 0, 0, 0, 0, 0, 0, 0, 0, 0, 0, 0, 0, 0, 0, 0, 0, 0,
       0, 0, 0, 0, 0, 0, 0, 0, 0, 0, 0, 0, 0, 0, 0, 0, 0, 0, 0, 0, 0, 0,
       0, 0, 0, 0, 0, 0, 0, 0, 0, 0, 0, 0, 0, 0, 0, 0, 0, 0, 0, 0, 0, 0,
       0, 0, 0, 0, 0, 0, 0, 0, 0, 0, 0, 0, 0, 0, 0, 0, 0, 0, 0, 0, 0, 0,
       0, 0, 0, 0, 0, 0, 0, 0, 0, 0, 0, 0, 0, 0, 0, 0, 0, 0, 0, 0, 0, 0,
       0, 0, 0, 0, 0, 0, 0, 0, 0, 0, 0, 0, 0, 0, 0, 0, 0, 0, 0, 0, 0, 0,
       0, 0, 0, 0, 0, 0, 0, 0, 0, 0, 0, 0, 0, 0, 0, 0, 0, 0, 0, 0, 0, 0,
       0, 0, 0, 0, 0, 0, 0, 0, 0, 0, 0, 0, 0, 0, 0, 0, 0, 0, 0, 0, 0, 0,
       0])
    samples_it: array([  0,   0,   0,   0,   0,   0,   0,   0,   0,   0,   0,   0,   0,
         0,  12,   6,   0,   0,   0,  14,   0,   0,   0,   0,   0,   0,
         0,   0,   0,   0,   0,   0,   0,   0,   0,   0,   0,   0,   0,
         3,   0,   0,   0,   0,   0,   8,   0,   0,   0,  41,  39,   0,
         7,   0,   0,   5,   0,   0,  34,   0,  22,   0,  25,   0,  16,
         0,   0,   0,   0,   0,   0,   0,  66,  45,   0,  53,   0,  15,
        11,  18,  62,  81,  26,   0,   0,   0,   0,   0,  83,  67,   0,
        56,  55,   0,   0,   0,  78,   0,   0,   0,   0,  72,   0,   0,
         0,   4, 101,   0,   0,  10, 106,   0,   0,   0,  88,  49,   0,
         0,   0,   0,   0,  59, 122,   0, 116,   0,   0,   0,   0,   0,
         0, 118,  13,   0,   0,   0, 107, 128,   0,   0,  87,   0,   0,
         0,   0,  73, 145,  91,  60,   0,   0, 124,   0, 104,   0,   0,
       114, 143,  96,   0, 119,   0,   0,  17,   0,  79, 138,   0, 141,
       102,   0,   0,   0, 144,   0, 167,   0,   0,   0,  36,   0,   0,
        46,   0,  27, 105, 115,   0,  74, 159,   0,  97,  69,  89,  52,
         0, 112,  20, 189,   0, 137, 166,   0,   0,   0,   0, 152,   0,
         0,  51,  29, 191, 155,   0,  68,  63,   0,   0,   0, 214,  19,
       215, 139,   0,   0,   0,   0,   0,   0, 188, 222,  84,   0, 195,
        57,  38, 113, 178, 182,   0,  48, 149, 233,   0, 207,  24, 194,
       175, 171,  86, 117, 201,   0, 162, 185,   0, 240, 187, 256,  80,
       230, 123, 150, 179,  33,   0,  77, 174, 255, 126, 247, 208,   0,
         0, 205, 130, 264,   0,   0, 202, 180, 193, 263,  85, 153,   0,
       160, 249, 252, 238, 273, 121, 245, 157,   0, 192, 209, 293, 254,
         0, 297, 291, 156, 136,  42, 229, 237,  94, 220, 279, 236, 170,
       280, 281, 248, 303,   0, 199, 317, 282, 211, 290, 131,  70, 163,
        76, 316,   0, 327, 177, 134, 184,  82,   0, 173,  99,   9, 200,
        31, 161, 284,  90,   0, 108, 275, 224,   0, 299, 206, 320, 270,
         0, 309, 168, 242, 142, 289, 341,   0, 343,  23, 307, 243, 335,
       271,  64,   0, 111, 292,   0,  98, 286, 321, 355, 302, 203,   0,
       120,  43, 350,   0, 368, 218, 158,   0, 336, 272, 370, 140,   2,
       276, 358,   0,  21, 354, 348, 176,   0, 241,   0,   0,  54, 253,
         0, 331, 371,   0, 347,  35, 258, 324, 217,   0, 294, 133, 319,
       198,  95, 164, 132, 338,  71, 346, 231, 333,   0,  75,   0, 304,
       147, 268, 310, 339,  32,   0, 246, 366, 301, 261, 197, 266, 278,
       100, 251, 361,   0,   0, 340, 146, 196, 244,   0, 225, 296, 298,
         0, 367, 103, 228, 250, 190, 328, 183, 373, 257, 239, 363,   0,
       129,  47, 323, 260, 314, 365, 353, 360,   0,  30, 330, 110,   0,
       359, 283, 235, 172, 277,   0, 332,   0, 262, 216,   0, 287, 232,
         0, 308, 329,  44, 234, 312, 204, 326,   0, 213, 306, 334,   0,
       186,   1,  65, 212, 226, 311,   0,   0,   0, 325, 362, 210, 219,
       181, 364, 288, 356, 342,   0, 269, 322, 223,   0,   0, 305, 125,
       127, 345, 259,  58, 267, 357,  37, 221, 265, 300, 151,  92, 351,
       349, 295, 285, 109,  50, 313, 369,  40, 154, 337, 315,  28, 165,
       148,   0, 135,   0,   0, 318, 372, 344, 274,  93, 227, 169, 352,
        61])
     samples_u: array([[0.47929515, 0.44326133, 0.22393935, ..., 0.72351796, 0.75201633,
        0.99032914],
       [0.20787763, 0.88593292, 0.16626752, ..., 0.8642074 , 0.93180599,
        0.26551396],
       [0.07470977, 0.43905843, 0.51813961, ..., 0.87675526, 0.3128804 ,
        0.24790385],
       ...,
       [0.77850682, 0.75594255, 0.26341052, ..., 0.19595285, 0.52527737,
        0.83318827],
       [0.60940262, 0.61323709, 0.00639101, ..., 0.03899824, 0.3335138 ,
        0.59525801],
       [0.50961826, 0.60572892, 0.09156834, ..., 0.49125574, 0.85039222,
        0.03461799]], shape=(573, 15))
     samples_n: array([200, 200, 200, 200, 200, 200, 200, 200, 200, 200, 200, 200, 200,
       200, 200, 200, 200, 200, 200, 200, 200, 200, 200, 200, 200, 200,
       200, 200, 200, 200, 200, 200, 200, 200, 200, 200, 200, 200, 200,
       200, 200, 200, 200, 200, 200, 200, 200, 200, 200, 200, 200, 200,
       200, 200, 200, 200, 200, 200, 200, 200, 200, 200, 200, 200, 200,
       200, 200, 200, 200, 200, 200, 200, 200, 200, 200, 200, 200, 200,
       200, 200, 200, 200, 200, 200, 200, 200, 200, 200, 200, 200, 200,
       200, 200, 200, 200, 200, 200, 200, 200, 200, 200, 200, 200, 200,
       200, 200, 200, 200, 200, 200, 200, 200, 200, 200, 200, 200, 200,
       200, 200, 200, 200, 200, 200, 200, 200, 200, 200, 200, 200, 200,
       200, 200, 200, 200, 200, 200, 200, 200, 200, 200, 200, 200, 200,
       200, 200, 200, 200, 200, 200, 200, 200, 200, 200, 200, 200, 200,
       200, 200, 200, 200, 200, 200, 200, 200, 200, 200, 200, 200, 200,
       200, 200, 200, 200, 200, 200, 200, 200, 200, 200, 200, 200, 200,
       200, 200, 200, 200, 200, 200, 200, 200, 200, 200, 200, 200, 200,
       200, 200, 200, 200, 200, 200, 200, 200, 200, 200, 200, 200, 200,
       200, 200, 200, 200, 200, 200, 200, 200, 200, 200, 200, 200, 200,
       200, 200, 200, 200, 200, 200, 200, 200, 200, 200, 200, 200, 200,
       200, 200, 200, 200, 200, 200, 200, 200, 200, 200, 200, 200, 200,
       200, 200, 200, 200, 200, 200, 200, 200, 200, 200, 200, 200, 200,
       200, 200, 200, 200, 200, 200, 200, 200, 200, 200, 200, 200, 200,
       200, 200, 200, 200, 200, 200, 200, 200, 200, 200, 200, 200, 200,
       200, 200, 200, 200, 200, 200, 200, 200, 200, 200, 200, 200, 200,
       200, 200, 200, 200, 200, 200, 200, 200, 200, 200, 200, 200, 200,
       200, 200, 200, 200, 200, 200, 200, 200, 200, 200, 200, 200, 200,
       200, 200, 200, 200, 200, 200, 200, 200, 200, 200, 200, 200, 200,
       200, 200, 200, 200, 200, 200, 200, 200, 200, 200, 200, 200, 200,
       200, 200, 200, 200, 200, 200, 200, 200, 200, 200, 200, 200, 200,
       200, 200, 200, 200, 200, 200, 200, 200, 200, 200, 199, 198, 197,
       196, 195, 194, 193, 192, 191, 190, 189, 188, 187, 186, 185, 184,
       183, 182, 181, 180, 179, 178, 177, 176, 175, 174, 173, 172, 171,
       170, 169, 168, 167, 166, 165, 164, 163, 162, 161, 160, 159, 158,
       157, 156, 155, 154, 153, 152, 151, 150, 149, 148, 147, 146, 145,
       144, 143, 142, 141, 140, 139, 138, 137, 136, 135, 134, 133, 132,
       131, 130, 129, 128, 127, 126, 125, 124, 123, 122, 121, 120, 119,
       118, 117, 116, 115, 114, 113, 112, 111, 110, 109, 108, 107, 106,
       105, 104, 103, 102, 101, 100,  99,  98,  97,  96,  95,  94,  93,
        92,  91,  90,  89,  88,  87,  86,  85,  84,  83,  82,  81,  80,
        79,  78,  77,  76,  75,  74,  73,  72,  71,  70,  69,  68,  67,
        66,  65,  64,  63,  62,  61,  60,  59,  58,  57,  56,  55,  54,
        53,  52,  51,  50,  49,  48,  47,  46,  45,  44,  43,  42,  41,
        40,  39,  38,  37,  36,  35,  34,  33,  32,  31,  30,  29,  28,
        27,  26,  25,  24,  23,  22,  21,  20,  19,  18,  17,  16,  15,
        14,  13,  12,  11,  10,   9,   8,   7,   6,   5,   4,   3,   2,
         1])
         logwt: array([-1.92275590e+15, -5.75131147e+14, -3.38523655e+14, -2.68439340e+14,
       -1.41811455e+14, -5.55931952e+13, -4.66715487e+13, -3.42827520e+13,
       -2.67096045e+13, -2.51725469e+13, -2.39051493e+13, -1.45786421e+13,
       -1.23668995e+13, -1.15447696e+13, -1.09452176e+13, -7.25879912e+12,
       -6.00004132e+12, -4.84474939e+12, -4.66089292e+12, -4.01488600e+12,
       -3.74634347e+12, -3.47791126e+12, -2.74156057e+12, -2.60231069e+12,
       -2.41047242e+12, -2.16452206e+12, -2.06106584e+12, -1.84322256e+12,
       -1.58589152e+12, -1.53897094e+12, -1.48150850e+12, -1.06761487e+12,
       -1.02140858e+12, -9.28653507e+11, -9.02222912e+11, -7.98534814e+11,
       -5.96194832e+11, -4.78019543e+11, -3.46830292e+11, -3.05071148e+11,
       -2.85167819e+11, -2.68937870e+11, -2.66405101e+11, -2.08732539e+11,
       -1.97591883e+11, -1.91435720e+11, -1.74361157e+11, -1.12212570e+11,
       -8.77988833e+10, -8.07906502e+10, -8.03738132e+10, -7.05125962e+10,
       -6.72812114e+10, -5.16678040e+10, -5.11908022e+10, -4.92323038e+10,
       -4.54366151e+10, -4.45971975e+10, -4.28112282e+10, -3.74994825e+10,
       -3.58951528e+10, -3.31570834e+10, -3.24208621e+10, -2.67564895e+10,
       -2.51878786e+10, -2.50119018e+10, -2.45754819e+10, -2.11042672e+10,
       -1.83289541e+10, -1.75718346e+10, -1.68087385e+10, -1.63066710e+10,
       -1.48113142e+10, -1.44782659e+10, -1.37802034e+10, -1.31939230e+10,
       -1.23226636e+10, -1.06538801e+10, -1.06072945e+10, -1.03113205e+10,
       -1.01853211e+10, -1.00652714e+10, -7.68641956e+09, -7.65536624e+09,
       -6.78928171e+09, -6.15108467e+09, -5.58714395e+09, -5.58304927e+09,
       -5.43441096e+09, -5.37953320e+09, -5.36364503e+09, -5.26181258e+09,
       -5.25530856e+09, -4.49066986e+09, -3.79223722e+09, -3.29877943e+09,
       -3.28298248e+09, -3.11307053e+09, -2.84185474e+09, -2.56963267e+09,
       -2.35882269e+09, -2.27515615e+09, -2.15747200e+09, -2.14151417e+09,
       -1.99976425e+09, -1.81743860e+09, -1.77022031e+09, -1.76166199e+09,
       -1.65737510e+09, -1.47038936e+09, -1.21811789e+09, -1.04081214e+09,
       -1.01725590e+09, -9.03181250e+08, -8.99270077e+08, -8.38401439e+08,
       -8.27545531e+08, -5.50800614e+08, -5.12675783e+08, -4.79895820e+08,
       -3.84537684e+08, -3.72818737e+08, -3.62286862e+08, -3.30543163e+08,
       -3.30207100e+08, -2.85934584e+08, -2.58467978e+08, -2.48936111e+08,
       -2.35127855e+08, -2.17668446e+08, -2.15150617e+08, -2.12975474e+08,
       -1.96394693e+08, -1.91808933e+08, -1.81224047e+08, -1.61467196e+08,
       -1.54951567e+08, -1.49103973e+08, -1.46920678e+08, -1.34584016e+08,
       -1.28059174e+08, -1.27585733e+08, -1.23363678e+08, -1.23264883e+08,
       -1.07163835e+08, -8.39631231e+07, -8.37473869e+07, -7.13520070e+07,
       -7.10006183e+07, -6.76432150e+07, -6.60392332e+07, -6.47828081e+07,
       -6.03430075e+07, -5.83460028e+07, -5.61560709e+07, -5.14289422e+07,
       -5.13034456e+07, -5.07785895e+07, -5.01162727e+07, -4.63076785e+07,
       -3.93192649e+07, -3.23804699e+07, -2.96260336e+07, -2.69694447e+07,
       -2.58114899e+07, -2.13969572e+07, -2.04508283e+07, -1.96146487e+07,
       -1.90427037e+07, -1.87081493e+07, -1.78714451e+07, -1.78534443e+07,
       -1.25672677e+07, -1.03533240e+07, -1.00473104e+07, -9.99706729e+06,
       -9.75388463e+06, -8.94644420e+06, -8.66789415e+06, -8.28660979e+06,
       -7.52628959e+06, -7.17890165e+06, -7.14488007e+06, -7.04241393e+06,
       -6.82034911e+06, -6.68782504e+06, -6.29997240e+06, -5.45132338e+06,
       -5.42329946e+06, -5.29286517e+06, -5.01473294e+06, -4.59139847e+06,
       -4.48474822e+06, -4.33654168e+06, -4.19198241e+06, -3.46058149e+06,
       -2.90808069e+06, -2.83020613e+06, -2.65689629e+06, -2.55696617e+06,
       -2.19892215e+06, -2.06135247e+06, -1.69703618e+06, -1.57258774e+06,
       -1.49131910e+06, -1.32289704e+06, -1.30115818e+06, -1.25816648e+06,
       -1.23751065e+06, -1.13331061e+06, -1.09326901e+06, -1.08455015e+06,
       -1.01923724e+06, -1.00795597e+06, -1.00482877e+06, -7.69428247e+05,
       -6.43817613e+05, -6.31679922e+05, -6.27946009e+05, -5.76134405e+05,
       -5.61682830e+05, -5.57231153e+05, -4.39918825e+05, -3.65971039e+05,
       -2.89912684e+05, -2.85156308e+05, -2.74974215e+05, -2.61686547e+05,
       -2.43923288e+05, -2.31257484e+05, -1.77584130e+05, -1.64675930e+05,
       -1.49359006e+05, -1.33357385e+05, -1.21968199e+05, -1.09769543e+05,
       -1.08230978e+05, -1.03885100e+05, -9.72128519e+04, -9.00668106e+04,
       -8.52665601e+04, -8.49202864e+04, -8.48762729e+04, -8.45558071e+04,
       -8.45331783e+04, -8.43215198e+04, -8.42951730e+04, -8.42887841e+04,
       -8.42108282e+04, -8.40794616e+04, -8.39957419e+04, -8.39304638e+04,
       -8.39228257e+04, -8.38041544e+04, -8.37581140e+04, -8.37561243e+04,
       -8.37452358e+04, -8.37423396e+04, -8.37255449e+04, -8.35388451e+04,
       -8.35380813e+04, -8.35272208e+04, -8.35026430e+04, -8.34353636e+04,
       -8.33686462e+04, -8.33678624e+04, -8.32275390e+04, -8.30700082e+04,
       -8.30655213e+04, -8.27689490e+04, -8.25872869e+04, -8.25135582e+04,
       -8.25032171e+04, -8.23385218e+04, -8.23151964e+04, -8.21591329e+04,
       -8.21303771e+04, -8.18320972e+04, -8.18297250e+04, -8.15998306e+04,
       -8.15935813e+04, -8.15793952e+04, -8.15734824e+04, -8.14928864e+04,
       -8.14876204e+04, -8.14603176e+04, -8.14430411e+04, -8.13886472e+04,
       -8.11329948e+04, -8.10790319e+04, -8.10387296e+04, -8.09470496e+04,
       -8.06735370e+04, -8.06290537e+04, -8.06149373e+04, -8.03234003e+04,
       -8.02941620e+04, -8.02115901e+04, -8.01207827e+04, -8.00421530e+04,
       -7.97809464e+04, -7.94250471e+04, -7.94210927e+04, -7.94108373e+04,
       -7.93027959e+04, -7.92418401e+04, -7.92219780e+04, -7.90633223e+04,
       -7.89499152e+04, -7.82685366e+04, -7.82217509e+04, -7.75058364e+04,
       -7.74293888e+04, -7.73018116e+04, -7.69081578e+04, -7.68540720e+04,
       -7.66075135e+04, -7.64302244e+04, -7.62339017e+04, -7.59458805e+04,
       -7.59326271e+04, -7.58708123e+04, -7.55868093e+04, -7.54098482e+04,
       -7.53044361e+04, -7.51032929e+04, -7.50709189e+04, -7.49685592e+04,
       -7.45517617e+04, -7.44579320e+04, -7.42888737e+04, -7.40918265e+04,
       -7.40417903e+04, -7.39712136e+04, -7.39630572e+04, -7.39548106e+04,
       -7.39027651e+04, -7.38370355e+04, -7.37194167e+04, -7.37076574e+04,
       -7.34864173e+04, -7.34367436e+04, -7.34116820e+04, -7.32702484e+04,
       -7.30780991e+04, -7.30274964e+04, -7.28197047e+04, -7.27867988e+04,
       -7.22056942e+04, -7.17650171e+04, -7.13517058e+04, -7.12643594e+04,
       -7.12548342e+04, -7.11372679e+04, -7.09153226e+04, -7.08610482e+04,
       -7.06579108e+04, -7.03028467e+04, -6.99193754e+04, -6.94186678e+04,
       -6.91169869e+04, -6.90926661e+04, -6.86571749e+04, -6.86229658e+04,
       -6.85205672e+04, -6.84221812e+04, -6.83959362e+04, -6.83361096e+04,
       -6.80965848e+04, -6.80952810e+04, -6.80495917e+04, -6.78862167e+04,
       -6.75764550e+04, -6.74924474e+04, -6.74705539e+04, -6.72881276e+04,
       -6.72527057e+04, -6.71864753e+04, -6.71252551e+04, -6.70633601e+04,
       -6.69242267e+04, -6.69138556e+04, -6.64512908e+04, -6.62657963e+04,
       -6.61694939e+04, -6.55537645e+04, -6.52870108e+04, -6.52494783e+04,
       -6.52386430e+04, -6.52223430e+04, -6.49267424e+04, -6.48506077e+04,
       -6.47155238e+04, -6.46046413e+04, -6.45122211e+04, -6.44001688e+04,
       -6.43291555e+04, -6.43074289e+04, -6.42287103e+04, -6.40743618e+04,
       -6.33093089e+04, -6.31924759e+04, -6.31573633e+04, -6.30766062e+04,
       -6.29128015e+04, -6.26958728e+04, -6.25770265e+04, -6.25486351e+04,
       -6.25127250e+04, -6.24591005e+04, -6.23042394e+04, -6.21872170e+04,
       -6.21742118e+04, -6.20886958e+04, -6.20879055e+04, -6.20303414e+04,
       -6.19062448e+04, -6.15049603e+04, -6.10976504e+04, -6.09776083e+04,
       -6.09329996e+04, -6.08911081e+04, -6.05975151e+04, -5.99852283e+04,
       -5.98069680e+04, -5.95913289e+04, -5.93185226e+04, -5.92816887e+04,
       -5.92803225e+04, -5.91320334e+04, -5.90310285e+04, -5.88660743e+04,
       -5.86699075e+04, -5.83102190e+04, -5.81892339e+04, -5.81116213e+04,
       -5.74486029e+04, -5.72870802e+04, -5.72360473e+04, -5.71419898e+04,
       -5.66497429e+04, -5.64086288e+04, -5.62778196e+04, -5.62239076e+04,
       -5.55863729e+04, -5.54104861e+04, -5.50593570e+04, -5.50292873e+04,
       -5.44371901e+04, -5.42039497e+04, -5.41212009e+04, -5.38700017e+04,
       -5.31095022e+04, -5.30866348e+04, -5.28366707e+04, -5.27908389e+04,
       -5.23522472e+04, -5.20654091e+04, -5.16840091e+04, -5.12994783e+04,
       -5.09357514e+04, -5.09143273e+04, -5.08428909e+04, -5.07769449e+04,
       -5.02686725e+04, -5.01496049e+04, -4.81197344e+04, -4.79631260e+04,
       -4.79117286e+04, -4.78599607e+04, -4.78216299e+04, -4.76166985e+04,
       -4.76075957e+04, -4.74643323e+04, -4.73840790e+04, -4.73158558e+04,
       -4.72866543e+04, -4.68781709e+04, -4.68494560e+04, -4.67547785e+04,
       -4.66284050e+04, -4.63422496e+04, -4.62660447e+04, -4.61351448e+04,
       -4.59101613e+04, -4.57847009e+04, -4.55778155e+04, -4.55402579e+04,
       -4.54886915e+04, -4.50940813e+04, -4.49774847e+04, -4.47668708e+04,
       -4.44601241e+04, -4.40968604e+04, -4.36640249e+04, -4.35905357e+04,
       -4.32978360e+04, -4.31482966e+04, -4.27250634e+04, -4.17748117e+04,
       -4.16421440e+04, -4.04727317e+04, -4.03631297e+04, -4.01596410e+04,
       -4.01026358e+04, -4.00980460e+04, -3.95402920e+04, -3.94987048e+04,
       -3.93801141e+04, -3.92825361e+04, -3.88892805e+04, -3.86270909e+04,
       -3.85667973e+04, -3.79042385e+04, -3.76479461e+04, -3.75517103e+04,
       -3.73437119e+04, -3.71352038e+04, -3.69150146e+04, -3.67133524e+04,
       -3.62008546e+04, -3.49700817e+04, -3.44537177e+04, -3.41889994e+04,
       -3.39592827e+04, -3.37776128e+04, -3.37000951e+04, -3.36874681e+04,
       -3.32641870e+04, -3.32246302e+04, -3.23182347e+04, -3.23029891e+04,
       -3.22260754e+04, -3.20959664e+04, -3.13825995e+04, -3.12667527e+04,
       -3.05128448e+04, -3.00029886e+04, -2.91219449e+04, -2.89723005e+04,
       -2.75394916e+04, -2.72645989e+04, -2.67193986e+04, -2.63575211e+04,
       -2.62804915e+04, -2.57182050e+04, -2.56300993e+04, -2.47778700e+04,
       -2.38578038e+04, -2.19425213e+04, -2.13706368e+04, -2.12299144e+04,
       -2.11585718e+04, -2.10591021e+04, -2.08617697e+04, -2.07546954e+04,
       -2.05671345e+04, -1.95197450e+04, -1.89355612e+04, -1.84868164e+04,
       -1.81752926e+04, -1.52893939e+04, -1.47088208e+04, -1.43203340e+04,
       -1.36716623e+04, -1.33755367e+04, -1.32103295e+04, -1.17985584e+04,
       -1.15004105e+04, -1.13516298e+04, -9.87299072e+03, -7.53079811e+03,
       -7.26413930e+03])
          logl: array([-1.92275590e+15, -5.75131147e+14, -3.38523655e+14, -2.68439340e+14,
       -1.41811455e+14, -5.55931952e+13, -4.66715487e+13, -3.42827520e+13,
       -2.67096045e+13, -2.51725469e+13, -2.39051493e+13, -1.45786421e+13,
       -1.23668995e+13, -1.15447696e+13, -1.09452176e+13, -7.25879912e+12,
       -6.00004132e+12, -4.84474939e+12, -4.66089292e+12, -4.01488600e+12,
       -3.74634347e+12, -3.47791126e+12, -2.74156057e+12, -2.60231069e+12,
       -2.41047242e+12, -2.16452206e+12, -2.06106584e+12, -1.84322256e+12,
       -1.58589152e+12, -1.53897094e+12, -1.48150850e+12, -1.06761487e+12,
       -1.02140858e+12, -9.28653507e+11, -9.02222912e+11, -7.98534814e+11,
       -5.96194832e+11, -4.78019543e+11, -3.46830292e+11, -3.05071148e+11,
       -2.85167819e+11, -2.68937870e+11, -2.66405101e+11, -2.08732538e+11,
       -1.97591883e+11, -1.91435720e+11, -1.74361157e+11, -1.12212570e+11,
       -8.77988833e+10, -8.07906502e+10, -8.03738132e+10, -7.05125962e+10,
       -6.72812114e+10, -5.16678040e+10, -5.11908022e+10, -4.92323038e+10,
       -4.54366151e+10, -4.45971974e+10, -4.28112282e+10, -3.74994825e+10,
       -3.58951528e+10, -3.31570834e+10, -3.24208621e+10, -2.67564895e+10,
       -2.51878786e+10, -2.50119018e+10, -2.45754819e+10, -2.11042672e+10,
       -1.83289541e+10, -1.75718346e+10, -1.68087385e+10, -1.63066710e+10,
       -1.48113142e+10, -1.44782659e+10, -1.37802034e+10, -1.31939230e+10,
       -1.23226636e+10, -1.06538801e+10, -1.06072945e+10, -1.03113205e+10,
       -1.01853211e+10, -1.00652714e+10, -7.68641955e+09, -7.65536624e+09,
       -6.78928170e+09, -6.15108466e+09, -5.58714394e+09, -5.58304926e+09,
       -5.43441095e+09, -5.37953319e+09, -5.36364502e+09, -5.26181258e+09,
       -5.25530855e+09, -4.49066986e+09, -3.79223722e+09, -3.29877942e+09,
       -3.28298247e+09, -3.11307053e+09, -2.84185474e+09, -2.56963267e+09,
       -2.35882269e+09, -2.27515615e+09, -2.15747200e+09, -2.14151417e+09,
       -1.99976425e+09, -1.81743859e+09, -1.77022031e+09, -1.76166198e+09,
       -1.65737510e+09, -1.47038935e+09, -1.21811788e+09, -1.04081214e+09,
       -1.01725589e+09, -9.03181243e+08, -8.99270070e+08, -8.38401433e+08,
       -8.27545524e+08, -5.50800608e+08, -5.12675776e+08, -4.79895813e+08,
       -3.84537678e+08, -3.72818730e+08, -3.62286855e+08, -3.30543156e+08,
       -3.30207093e+08, -2.85934578e+08, -2.58467971e+08, -2.48936104e+08,
       -2.35127848e+08, -2.17668439e+08, -2.15150610e+08, -2.12975467e+08,
       -1.96394686e+08, -1.91808927e+08, -1.81224040e+08, -1.61467189e+08,
       -1.54951560e+08, -1.49103966e+08, -1.46920672e+08, -1.34584009e+08,
       -1.28059167e+08, -1.27585726e+08, -1.23363671e+08, -1.23264877e+08,
       -1.07163828e+08, -8.39631164e+07, -8.37473802e+07, -7.13520003e+07,
       -7.10006116e+07, -6.76432083e+07, -6.60392265e+07, -6.47828013e+07,
       -6.03430008e+07, -5.83459960e+07, -5.61560641e+07, -5.14289354e+07,
       -5.13034389e+07, -5.07785827e+07, -5.01162659e+07, -4.63076717e+07,
       -3.93192581e+07, -3.23804631e+07, -2.96260268e+07, -2.69694379e+07,
       -2.58114831e+07, -2.13969504e+07, -2.04508215e+07, -1.96146418e+07,
       -1.90426969e+07, -1.87081425e+07, -1.78714383e+07, -1.78534374e+07,
       -1.25672608e+07, -1.03533171e+07, -1.00473035e+07, -9.99706043e+06,
       -9.75387775e+06, -8.94643732e+06, -8.66788726e+06, -8.28660290e+06,
       -7.52628269e+06, -7.17889475e+06, -7.14487317e+06, -7.04240702e+06,
       -6.82034220e+06, -6.68781812e+06, -6.29996548e+06, -5.45131645e+06,
       -5.42329253e+06, -5.29285823e+06, -5.01472599e+06, -4.59139152e+06,
       -4.48474127e+06, -4.33653472e+06, -4.19197545e+06, -3.46057452e+06,
       -2.90807371e+06, -2.83019915e+06, -2.65688930e+06, -2.55695918e+06,
       -2.19891516e+06, -2.06134547e+06, -1.69702918e+06, -1.57258073e+06,
       -1.49131209e+06, -1.32289002e+06, -1.30115116e+06, -1.25815945e+06,
       -1.23750361e+06, -1.13330357e+06, -1.09326196e+06, -1.08454310e+06,
       -1.01923018e+06, -1.00794891e+06, -1.00482171e+06, -7.69421178e+05,
       -6.43810539e+05, -6.31672844e+05, -6.27938926e+05, -5.76127316e+05,
       -5.61675736e+05, -5.57224055e+05, -4.39911721e+05, -3.65963930e+05,
       -2.89905570e+05, -2.85149189e+05, -2.74967091e+05, -2.61679419e+05,
       -2.43916155e+05, -2.31250345e+05, -1.77576986e+05, -1.64668781e+05,
       -1.49351853e+05, -1.33350226e+05, -1.21961035e+05, -1.09762374e+05,
       -1.08223804e+05, -1.03877922e+05, -9.72056684e+04, -9.00596221e+04,
       -8.52593667e+04, -8.49130879e+04, -8.48690694e+04, -8.45485987e+04,
       -8.45259649e+04, -8.43143014e+04, -8.42879497e+04, -8.42815574e+04,
       -8.42035949e+04, -8.40722232e+04, -8.39884986e+04, -8.39232155e+04,
       -8.39155729e+04, -8.37968961e+04, -8.37508507e+04, -8.37490023e+04,
       -8.37379626e+04, -8.37351179e+04, -8.37182616e+04, -8.35315568e+04,
       -8.35314110e+04, -8.35199226e+04, -8.34953398e+04, -8.34280554e+04,
       -8.33613330e+04, -8.33611502e+04, -8.32202159e+04, -8.30626800e+04,
       -8.30581995e+04, -8.27616109e+04, -8.25799438e+04, -8.25062101e+04,
       -8.24958640e+04, -8.23311638e+04, -8.23078333e+04, -8.21517649e+04,
       -8.21230041e+04, -8.18247192e+04, -8.18224394e+04, -8.15924426e+04,
       -8.15861902e+04, -8.15719973e+04, -8.15660822e+04, -8.14854784e+04,
       -8.14802126e+04, -8.14528997e+04, -8.14356182e+04, -8.13812193e+04,
       -8.11255619e+04, -8.10715940e+04, -8.10312868e+04, -8.09396018e+04,
       -8.06660842e+04, -8.06215959e+04, -8.06074745e+04, -8.03159325e+04,
       -8.02866893e+04, -8.02041124e+04, -8.01133000e+04, -8.00346652e+04,
       -7.97734536e+04, -7.94175494e+04, -7.94136093e+04, -7.94033297e+04,
       -7.92952832e+04, -7.92343224e+04, -7.92144553e+04, -7.90557946e+04,
       -7.89423825e+04, -7.82609990e+04, -7.82142084e+04, -7.74982888e+04,
       -7.74218362e+04, -7.72942541e+04, -7.69005953e+04, -7.68465045e+04,
       -7.65999410e+04, -7.64226469e+04, -7.62263192e+04, -7.59382930e+04,
       -7.59250346e+04, -7.58632148e+04, -7.55792068e+04, -7.54022408e+04,
       -7.52968237e+04, -7.50956755e+04, -7.50632965e+04, -7.49609319e+04,
       -7.45441294e+04, -7.44502946e+04, -7.42812314e+04, -7.40841792e+04,
       -7.40341380e+04, -7.39635563e+04, -7.39553952e+04, -7.39471436e+04,
       -7.38950929e+04, -7.38293582e+04, -7.37117345e+04, -7.36999701e+04,
       -7.34787251e+04, -7.34290464e+04, -7.34039798e+04, -7.32625412e+04,
       -7.30703869e+04, -7.30197792e+04, -7.28119825e+04, -7.27790717e+04,
       -7.21979621e+04, -7.17572800e+04, -7.13439637e+04, -7.12566124e+04,
       -7.12470822e+04, -7.11295108e+04, -7.09075606e+04, -7.08532812e+04,
       -7.06501388e+04, -7.02950697e+04, -6.99115934e+04, -6.94108809e+04,
       -6.91091950e+04, -6.90848692e+04, -6.86493730e+04, -6.86151588e+04,
       -6.85127553e+04, -6.84143643e+04, -6.83881143e+04, -6.83282827e+04,
       -6.80887529e+04, -6.80877590e+04, -6.80417499e+04, -6.78783699e+04,
       -6.75686031e+04, -6.74845906e+04, -6.74626971e+04, -6.72802708e+04,
       -6.72448489e+04, -6.71786185e+04, -6.71173983e+04, -6.70555033e+04,
       -6.69163699e+04, -6.69059988e+04, -6.64434340e+04, -6.62579395e+04,
       -6.61616371e+04, -6.55459077e+04, -6.52791540e+04, -6.52416215e+04,
       -6.52307862e+04, -6.52144862e+04, -6.49188856e+04, -6.48427509e+04,
       -6.47076670e+04, -6.45967845e+04, -6.45043643e+04, -6.43923120e+04,
       -6.43212987e+04, -6.42995721e+04, -6.42208535e+04, -6.40665050e+04,
       -6.33014521e+04, -6.31846191e+04, -6.31495065e+04, -6.30687494e+04,
       -6.29049447e+04, -6.26880160e+04, -6.25691697e+04, -6.25407783e+04,
       -6.25048682e+04, -6.24512437e+04, -6.22963826e+04, -6.21793602e+04,
       -6.21663550e+04, -6.20808390e+04, -6.20806533e+04, -6.20224846e+04,
       -6.18983880e+04, -6.14971035e+04, -6.10897936e+04, -6.09697515e+04,
       -6.09251428e+04, -6.08832513e+04, -6.05896582e+04, -5.99773715e+04,
       -5.97991112e+04, -5.95834721e+04, -5.93106658e+04, -5.92738319e+04,
       -5.92727602e+04, -5.91241766e+04, -5.90231717e+04, -5.88582175e+04,
       -5.86620507e+04, -5.83023622e+04, -5.81813771e+04, -5.81037645e+04,
       -5.74407461e+04, -5.72792234e+04, -5.72281905e+04, -5.71341330e+04,
       -5.66418861e+04, -5.64007720e+04, -5.62699628e+04, -5.62160508e+04,
       -5.55785161e+04, -5.54026293e+04, -5.50515002e+04, -5.50214305e+04,
       -5.44293333e+04, -5.41960929e+04, -5.41133441e+04, -5.38621449e+04,
       -5.31016454e+04, -5.30787780e+04, -5.28288138e+04, -5.27829821e+04,
       -5.23443904e+04, -5.20575523e+04, -5.16761523e+04, -5.12916215e+04,
       -5.09278946e+04, -5.09064705e+04, -5.08350341e+04, -5.07690881e+04,
       -5.02608157e+04, -5.01417481e+04, -4.81118776e+04, -4.79552692e+04,
       -4.79038718e+04, -4.78521039e+04, -4.78137730e+04, -4.76088417e+04,
       -4.75997390e+04, -4.74564755e+04, -4.73762222e+04, -4.73079990e+04,
       -4.72787975e+04, -4.68703141e+04, -4.68415992e+04, -4.67469217e+04,
       -4.66205482e+04, -4.63343928e+04, -4.62581879e+04, -4.61272880e+04,
       -4.59023045e+04, -4.57768440e+04, -4.55699587e+04, -4.55324011e+04,
       -4.54808347e+04, -4.50862245e+04, -4.49696279e+04, -4.47590140e+04,
       -4.44522673e+04, -4.40890036e+04, -4.36561681e+04, -4.35826789e+04,
       -4.32899792e+04, -4.31404398e+04, -4.27172066e+04, -4.17669549e+04,
       -4.16342871e+04, -4.04648749e+04, -4.03552729e+04, -4.01517842e+04,
       -4.00947790e+04, -4.00901994e+04, -3.95324352e+04, -3.94908480e+04,
       -3.93722573e+04, -3.92746793e+04, -3.88814237e+04, -3.86192341e+04,
       -3.85589405e+04, -3.78963817e+04, -3.76400893e+04, -3.75438535e+04,
       -3.73358551e+04, -3.71273470e+04, -3.69071578e+04, -3.67054956e+04,
       -3.61929978e+04, -3.49622249e+04, -3.44458609e+04, -3.41811426e+04,
       -3.39514259e+04, -3.37697560e+04, -3.36922383e+04, -3.36796113e+04,
       -3.32563302e+04, -3.32167734e+04, -3.23103778e+04, -3.22951323e+04,
       -3.22182186e+04, -3.20881096e+04, -3.13747427e+04, -3.12588959e+04,
       -3.05049880e+04, -2.99951318e+04, -2.91140881e+04, -2.89644437e+04,
       -2.75316347e+04, -2.72567421e+04, -2.67115418e+04, -2.63496643e+04,
       -2.62726347e+04, -2.57103481e+04, -2.56222425e+04, -2.47700132e+04,
       -2.38499470e+04, -2.19346645e+04, -2.13627800e+04, -2.12220575e+04,
       -2.11507150e+04, -2.10512453e+04, -2.08539129e+04, -2.07468386e+04,
       -2.05592777e+04, -1.95118882e+04, -1.89277044e+04, -1.84789596e+04,
       -1.81674358e+04, -1.52815371e+04, -1.47009639e+04, -1.43124772e+04,
       -1.36638055e+04, -1.33676799e+04, -1.32024727e+04, -1.17907016e+04,
       -1.14925537e+04, -1.13437730e+04, -9.86513392e+03, -7.52294131e+03,
       -7.25628250e+03])
        logvol: array([-4.98754151e-03, -9.97508302e-03, -1.49626245e-02, -1.99501660e-02,
       -2.49377076e-02, -2.99252491e-02, -3.49127906e-02, -3.99003321e-02,
       -4.48878736e-02, -4.98754151e-02, -5.48629566e-02, -5.98504981e-02,
       -6.48380396e-02, -6.98255812e-02, -7.48131227e-02, -7.98006642e-02,
       -8.47882057e-02, -8.97757472e-02, -9.47632887e-02, -9.97508302e-02,
       -1.04738372e-01, -1.09725913e-01, -1.14713455e-01, -1.19700996e-01,
       -1.24688538e-01, -1.29676079e-01, -1.34663621e-01, -1.39651162e-01,
       -1.44638704e-01, -1.49626245e-01, -1.54613787e-01, -1.59601328e-01,
       -1.64588870e-01, -1.69576411e-01, -1.74563953e-01, -1.79551494e-01,
       -1.84539036e-01, -1.89526577e-01, -1.94514119e-01, -1.99501660e-01,
       -2.04489202e-01, -2.09476743e-01, -2.14464285e-01, -2.19451826e-01,
       -2.24439368e-01, -2.29426910e-01, -2.34414451e-01, -2.39401993e-01,
       -2.44389534e-01, -2.49377076e-01, -2.54364617e-01, -2.59352159e-01,
       -2.64339700e-01, -2.69327242e-01, -2.74314783e-01, -2.79302325e-01,
       -2.84289866e-01, -2.89277408e-01, -2.94264949e-01, -2.99252491e-01,
       -3.04240032e-01, -3.09227574e-01, -3.14215115e-01, -3.19202657e-01,
       -3.24190198e-01, -3.29177740e-01, -3.34165281e-01, -3.39152823e-01,
       -3.44140364e-01, -3.49127906e-01, -3.54115447e-01, -3.59102989e-01,
       -3.64090530e-01, -3.69078072e-01, -3.74065613e-01, -3.79053155e-01,
       -3.84040696e-01, -3.89028238e-01, -3.94015779e-01, -3.99003321e-01,
       -4.03990862e-01, -4.08978404e-01, -4.13965945e-01, -4.18953487e-01,
       -4.23941028e-01, -4.28928570e-01, -4.33916111e-01, -4.38903653e-01,
       -4.43891194e-01, -4.48878736e-01, -4.53866278e-01, -4.58853819e-01,
       -4.63841361e-01, -4.68828902e-01, -4.73816444e-01, -4.78803985e-01,
       -4.83791527e-01, -4.88779068e-01, -4.93766610e-01, -4.98754151e-01,
       -5.03741693e-01, -5.08729234e-01, -5.13716776e-01, -5.18704317e-01,
       -5.23691859e-01, -5.28679400e-01, -5.33666942e-01, -5.38654483e-01,
       -5.43642025e-01, -5.48629566e-01, -5.53617108e-01, -5.58604649e-01,
       -5.63592191e-01, -5.68579732e-01, -5.73567274e-01, -5.78554815e-01,
       -5.83542357e-01, -5.88529898e-01, -5.93517440e-01, -5.98504981e-01,
       -6.03492523e-01, -6.08480064e-01, -6.13467606e-01, -6.18455147e-01,
       -6.23442689e-01, -6.28430230e-01, -6.33417772e-01, -6.38405313e-01,
       -6.43392855e-01, -6.48380396e-01, -6.53367938e-01, -6.58355479e-01,
       -6.63343021e-01, -6.68330562e-01, -6.73318104e-01, -6.78305646e-01,
       -6.83293187e-01, -6.88280729e-01, -6.93268270e-01, -6.98255812e-01,
       -7.03243353e-01, -7.08230895e-01, -7.13218436e-01, -7.18205978e-01,
       -7.23193519e-01, -7.28181061e-01, -7.33168602e-01, -7.38156144e-01,
       -7.43143685e-01, -7.48131227e-01, -7.53118768e-01, -7.58106310e-01,
       -7.63093851e-01, -7.68081393e-01, -7.73068934e-01, -7.78056476e-01,
       -7.83044017e-01, -7.88031559e-01, -7.93019100e-01, -7.98006642e-01,
       -8.02994183e-01, -8.07981725e-01, -8.12969266e-01, -8.17956808e-01,
       -8.22944349e-01, -8.27931891e-01, -8.32919432e-01, -8.37906974e-01,
       -8.42894515e-01, -8.47882057e-01, -8.52869598e-01, -8.57857140e-01,
       -8.62844681e-01, -8.67832223e-01, -8.72819764e-01, -8.77807306e-01,
       -8.82794847e-01, -8.87782389e-01, -8.92769930e-01, -8.97757472e-01,
       -9.02745013e-01, -9.07732555e-01, -9.12720097e-01, -9.17707638e-01,
       -9.22695180e-01, -9.27682721e-01, -9.32670263e-01, -9.37657804e-01,
       -9.42645346e-01, -9.47632887e-01, -9.52620429e-01, -9.57607970e-01,
       -9.62595512e-01, -9.67583053e-01, -9.72570595e-01, -9.77558136e-01,
       -9.82545678e-01, -9.87533219e-01, -9.92520761e-01, -9.97508302e-01,
       -1.00249584e+00, -1.00748339e+00, -1.01247093e+00, -1.01745847e+00,
       -1.02244601e+00, -1.02743355e+00, -1.03242109e+00, -1.03740863e+00,
       -1.04239618e+00, -1.04738372e+00, -1.05237126e+00, -1.05735880e+00,
       -1.06234634e+00, -1.06733388e+00, -1.07232142e+00, -1.07730897e+00,
       -1.08229651e+00, -1.08728405e+00, -1.09227159e+00, -1.09725913e+00,
       -1.10224667e+00, -1.10723422e+00, -1.11222176e+00, -1.11720930e+00,
       -1.12219684e+00, -1.12718438e+00, -1.13217192e+00, -1.13715946e+00,
       -1.14214701e+00, -1.14713455e+00, -1.15212209e+00, -1.15710963e+00,
       -1.16209717e+00, -1.16708471e+00, -1.17207226e+00, -1.17705980e+00,
       -1.18204734e+00, -1.18703488e+00, -1.19202242e+00, -1.19700996e+00,
       -1.20199750e+00, -1.20698505e+00, -1.21197259e+00, -1.21696013e+00,
       -1.22194767e+00, -1.22693521e+00, -1.23192275e+00, -1.23691029e+00,
       -1.24189784e+00, -1.24688538e+00, -1.25187292e+00, -1.25686046e+00,
       -1.26184800e+00, -1.26683554e+00, -1.27182309e+00, -1.27681063e+00,
       -1.28179817e+00, -1.28678571e+00, -1.29177325e+00, -1.29676079e+00,
       -1.30174833e+00, -1.30673588e+00, -1.31172342e+00, -1.31671096e+00,
       -1.32169850e+00, -1.32668604e+00, -1.33167358e+00, -1.33666112e+00,
       -1.34164867e+00, -1.34663621e+00, -1.35162375e+00, -1.35661129e+00,
       -1.36159883e+00, -1.36658637e+00, -1.37157392e+00, -1.37656146e+00,
       -1.38154900e+00, -1.38653654e+00, -1.39152408e+00, -1.39651162e+00,
       -1.40149916e+00, -1.40648671e+00, -1.41147425e+00, -1.41646179e+00,
       -1.42144933e+00, -1.42643687e+00, -1.43142441e+00, -1.43641196e+00,
       -1.44139950e+00, -1.44638704e+00, -1.45137458e+00, -1.45636212e+00,
       -1.46134966e+00, -1.46633720e+00, -1.47132475e+00, -1.47631229e+00,
       -1.48129983e+00, -1.48628737e+00, -1.49127491e+00, -1.49626245e+00,
       -1.50124999e+00, -1.50623754e+00, -1.51122508e+00, -1.51621262e+00,
       -1.52120016e+00, -1.52618770e+00, -1.53117524e+00, -1.53616279e+00,
       -1.54115033e+00, -1.54613787e+00, -1.55112541e+00, -1.55611295e+00,
       -1.56110049e+00, -1.56608803e+00, -1.57107558e+00, -1.57606312e+00,
       -1.58105066e+00, -1.58603820e+00, -1.59102574e+00, -1.59601328e+00,
       -1.60100083e+00, -1.60598837e+00, -1.61097591e+00, -1.61596345e+00,
       -1.62095099e+00, -1.62593853e+00, -1.63092607e+00, -1.63591362e+00,
       -1.64090116e+00, -1.64588870e+00, -1.65087624e+00, -1.65586378e+00,
       -1.66085132e+00, -1.66583886e+00, -1.67082641e+00, -1.67581395e+00,
       -1.68080149e+00, -1.68578903e+00, -1.69077657e+00, -1.69576411e+00,
       -1.70075166e+00, -1.70573920e+00, -1.71072674e+00, -1.71571428e+00,
       -1.72070182e+00, -1.72568936e+00, -1.73067690e+00, -1.73566445e+00,
       -1.74065199e+00, -1.74563953e+00, -1.75062707e+00, -1.75561461e+00,
       -1.76060215e+00, -1.76558969e+00, -1.77057724e+00, -1.77556478e+00,
       -1.78055232e+00, -1.78553986e+00, -1.79052740e+00, -1.79551494e+00,
       -1.80050249e+00, -1.80549003e+00, -1.81047757e+00, -1.81546511e+00,
       -1.82045265e+00, -1.82544019e+00, -1.83042773e+00, -1.83541528e+00,
       -1.84040282e+00, -1.84539036e+00, -1.85037790e+00, -1.85536544e+00,
       -1.86035298e+00, -1.86534053e+00, -1.87035307e+00, -1.87539086e+00,
       -1.88045416e+00, -1.88554323e+00, -1.89065833e+00, -1.89579973e+00,
       -1.90096770e+00, -1.90616252e+00, -1.91138446e+00, -1.91663382e+00,
       -1.92191088e+00, -1.92721593e+00, -1.93254927e+00, -1.93791122e+00,
       -1.94330207e+00, -1.94872213e+00, -1.95417174e+00, -1.95965120e+00,
       -1.96516086e+00, -1.97070104e+00, -1.97627209e+00, -1.98187434e+00,
       -1.98750816e+00, -1.99317390e+00, -1.99887192e+00, -2.00460259e+00,
       -2.01036630e+00, -2.01616341e+00, -2.02199434e+00, -2.02785945e+00,
       -2.03375918e+00, -2.03969391e+00, -2.04566408e+00, -2.05167010e+00,
       -2.05771242e+00, -2.06379146e+00, -2.06990769e+00, -2.07606156e+00,
       -2.08225353e+00, -2.08848408e+00, -2.09475369e+00, -2.10106286e+00,
       -2.10741209e+00, -2.11380188e+00, -2.12023277e+00, -2.12670529e+00,
       -2.13321997e+00, -2.13977737e+00, -2.14637805e+00, -2.15302260e+00,
       -2.15971159e+00, -2.16644562e+00, -2.17322530e+00, -2.18005127e+00,
       -2.18692415e+00, -2.19384459e+00, -2.20081326e+00, -2.20783083e+00,
       -2.21489800e+00, -2.22201547e+00, -2.22918396e+00, -2.23640421e+00,
       -2.24367697e+00, -2.25100301e+00, -2.25838311e+00, -2.26581809e+00,
       -2.27330876e+00, -2.28085597e+00, -2.28846057e+00, -2.29612344e+00,
       -2.30384549e+00, -2.31162763e+00, -2.31947081e+00, -2.32737598e+00,
       -2.33534415e+00, -2.34337633e+00, -2.35147354e+00, -2.35963685e+00,
       -2.36786735e+00, -2.37616615e+00, -2.38453440e+00, -2.39297327e+00,
       -2.40148396e+00, -2.41006770e+00, -2.41872576e+00, -2.42745944e+00,
       -2.43627007e+00, -2.44515902e+00, -2.45412769e+00, -2.46317753e+00,
       -2.47231001e+00, -2.48152666e+00, -2.49082906e+00, -2.50021880e+00,
       -2.50969754e+00, -2.51926699e+00, -2.52892890e+00, -2.53868508e+00,
       -2.54853737e+00, -2.55848771e+00, -2.56853804e+00, -2.57869041e+00,
       -2.58894691e+00, -2.59930970e+00, -2.60978100e+00, -2.62036311e+00,
       -2.63105840e+00, -2.64186931e+00, -2.65279839e+00, -2.66384822e+00,
       -2.67502152e+00, -2.68632108e+00, -2.69774977e+00, -2.70931060e+00,
       -2.72100664e+00, -2.73284109e+00, -2.74481728e+00, -2.75693864e+00,
       -2.76920874e+00, -2.78163126e+00, -2.79421004e+00, -2.80694906e+00,
       -2.81985247e+00, -2.83292455e+00, -2.84616978e+00, -2.85959280e+00,
       -2.87319845e+00, -2.88699177e+00, -2.90097801e+00, -2.91516265e+00,
       -2.92955139e+00, -2.94415019e+00, -2.95896527e+00, -2.97400315e+00,
       -2.98927062e+00, -3.00477481e+00, -3.02052317e+00, -3.03652351e+00,
       -3.05278403e+00, -3.06931333e+00, -3.08612045e+00, -3.10321488e+00,
       -3.12060662e+00, -3.13830620e+00, -3.15632471e+00, -3.17467385e+00,
       -3.19336598e+00, -3.21241417e+00, -3.23183226e+00, -3.25163489e+00,
       -3.27183759e+00, -3.29245688e+00, -3.31351029e+00, -3.33501650e+00,
       -3.35699540e+00, -3.37946826e+00, -3.40245778e+00, -3.42598827e+00,
       -3.45008582e+00, -3.47477844e+00, -3.50009625e+00, -3.52607173e+00,
       -3.55273998e+00, -3.58013895e+00, -3.60830983e+00, -3.63729737e+00,
       -3.66715033e+00, -3.69792199e+00, -3.72967069e+00, -3.76246051e+00,
       -3.79636206e+00, -3.83145338e+00, -3.86782103e+00, -3.90556135e+00,
       -3.94478207e+00, -3.98560406e+00, -4.02816368e+00, -4.07261544e+00,
       -4.11913545e+00, -4.16792562e+00, -4.21921891e+00, -4.27328613e+00,
       -4.33044455e+00, -4.39106917e+00, -4.45560769e+00, -4.52460056e+00,
       -4.59870853e+00, -4.67875124e+00, -4.76576262e+00, -4.86107280e+00,
       -4.96643331e+00, -5.08421635e+00, -5.21774774e+00, -5.37189842e+00,
       -5.55421998e+00, -5.77736353e+00, -6.06504560e+00, -6.47051071e+00,
       -7.16365789e+00])
          logz: array([-1.92275590e+15, -5.75131147e+14, -3.38523655e+14, -2.68439340e+14,
       -1.41811455e+14, -5.55931952e+13, -4.66715487e+13, -3.42827520e+13,
       -2.67096045e+13, -2.51725469e+13, -2.39051493e+13, -1.45786421e+13,
       -1.23668995e+13, -1.15447696e+13, -1.09452176e+13, -7.25879912e+12,
       -6.00004132e+12, -4.84474939e+12, -4.66089292e+12, -4.01488600e+12,
       -3.74634347e+12, -3.47791126e+12, -2.74156057e+12, -2.60231069e+12,
       -2.41047242e+12, -2.16452206e+12, -2.06106584e+12, -1.84322256e+12,
       -1.58589152e+12, -1.53897094e+12, -1.48150850e+12, -1.06761487e+12,
       -1.02140858e+12, -9.28653507e+11, -9.02222912e+11, -7.98534814e+11,
       -5.96194832e+11, -4.78019543e+11, -3.46830292e+11, -3.05071148e+11,
       -2.85167819e+11, -2.68937870e+11, -2.66405101e+11, -2.08732539e+11,
       -1.97591883e+11, -1.91435720e+11, -1.74361157e+11, -1.12212570e+11,
       -8.77988833e+10, -8.07906502e+10, -8.03738132e+10, -7.05125962e+10,
       -6.72812114e+10, -5.16678040e+10, -5.11908022e+10, -4.92323038e+10,
       -4.54366151e+10, -4.45971975e+10, -4.28112282e+10, -3.74994825e+10,
       -3.58951528e+10, -3.31570834e+10, -3.24208621e+10, -2.67564895e+10,
       -2.51878786e+10, -2.50119018e+10, -2.45754819e+10, -2.11042672e+10,
       -1.83289541e+10, -1.75718346e+10, -1.68087385e+10, -1.63066710e+10,
       -1.48113142e+10, -1.44782659e+10, -1.37802034e+10, -1.31939230e+10,
       -1.23226636e+10, -1.06538801e+10, -1.06072945e+10, -1.03113205e+10,
       -1.01853211e+10, -1.00652714e+10, -7.68641956e+09, -7.65536624e+09,
       -6.78928171e+09, -6.15108467e+09, -5.58714395e+09, -5.58304927e+09,
       -5.43441096e+09, -5.37953320e+09, -5.36364503e+09, -5.26181258e+09,
       -5.25530856e+09, -4.49066986e+09, -3.79223722e+09, -3.29877943e+09,
       -3.28298248e+09, -3.11307053e+09, -2.84185474e+09, -2.56963267e+09,
       -2.35882269e+09, -2.27515615e+09, -2.15747200e+09, -2.14151417e+09,
       -1.99976425e+09, -1.81743860e+09, -1.77022031e+09, -1.76166199e+09,
       -1.65737510e+09, -1.47038936e+09, -1.21811789e+09, -1.04081214e+09,
       -1.01725590e+09, -9.03181250e+08, -8.99270077e+08, -8.38401439e+08,
       -8.27545531e+08, -5.50800614e+08, -5.12675783e+08, -4.79895820e+08,
       -3.84537684e+08, -3.72818737e+08, -3.62286862e+08, -3.30543163e+08,
       -3.30207100e+08, -2.85934584e+08, -2.58467978e+08, -2.48936111e+08,
       -2.35127855e+08, -2.17668446e+08, -2.15150617e+08, -2.12975474e+08,
       -1.96394693e+08, -1.91808933e+08, -1.81224047e+08, -1.61467196e+08,
       -1.54951567e+08, -1.49103973e+08, -1.46920678e+08, -1.34584016e+08,
       -1.28059174e+08, -1.27585733e+08, -1.23363678e+08, -1.23264883e+08,
       -1.07163835e+08, -8.39631231e+07, -8.37473869e+07, -7.13520070e+07,
       -7.10006183e+07, -6.76432150e+07, -6.60392332e+07, -6.47828081e+07,
       -6.03430075e+07, -5.83460028e+07, -5.61560709e+07, -5.14289422e+07,
       -5.13034456e+07, -5.07785895e+07, -5.01162727e+07, -4.63076785e+07,
       -3.93192649e+07, -3.23804699e+07, -2.96260336e+07, -2.69694447e+07,
       -2.58114899e+07, -2.13969572e+07, -2.04508283e+07, -1.96146487e+07,
       -1.90427037e+07, -1.87081493e+07, -1.78714451e+07, -1.78534443e+07,
       -1.25672677e+07, -1.03533240e+07, -1.00473104e+07, -9.99706729e+06,
       -9.75388463e+06, -8.94644420e+06, -8.66789415e+06, -8.28660979e+06,
       -7.52628959e+06, -7.17890165e+06, -7.14488007e+06, -7.04241393e+06,
       -6.82034911e+06, -6.68782504e+06, -6.29997240e+06, -5.45132338e+06,
       -5.42329946e+06, -5.29286517e+06, -5.01473294e+06, -4.59139847e+06,
       -4.48474822e+06, -4.33654168e+06, -4.19198241e+06, -3.46058149e+06,
       -2.90808069e+06, -2.83020613e+06, -2.65689629e+06, -2.55696617e+06,
       -2.19892215e+06, -2.06135247e+06, -1.69703618e+06, -1.57258774e+06,
       -1.49131910e+06, -1.32289704e+06, -1.30115818e+06, -1.25816648e+06,
       -1.23751065e+06, -1.13331061e+06, -1.09326901e+06, -1.08455015e+06,
       -1.01923724e+06, -1.00795597e+06, -1.00482877e+06, -7.69428247e+05,
       -6.43817613e+05, -6.31679922e+05, -6.27946009e+05, -5.76134405e+05,
       -5.61682830e+05, -5.57231153e+05, -4.39918825e+05, -3.65971039e+05,
       -2.89912684e+05, -2.85156308e+05, -2.74974215e+05, -2.61686547e+05,
       -2.43923288e+05, -2.31257484e+05, -1.77584130e+05, -1.64675930e+05,
       -1.49359006e+05, -1.33357385e+05, -1.21968199e+05, -1.09769543e+05,
       -1.08230978e+05, -1.03885100e+05, -9.72128519e+04, -9.00668106e+04,
       -8.52665601e+04, -8.49202864e+04, -8.48762729e+04, -8.45558071e+04,
       -8.45331783e+04, -8.43215198e+04, -8.42951730e+04, -8.42887825e+04,
       -8.42108282e+04, -8.40794616e+04, -8.39957419e+04, -8.39304638e+04,
       -8.39228253e+04, -8.38041544e+04, -8.37581140e+04, -8.37559961e+04,
       -8.37452358e+04, -8.37422859e+04, -8.37255449e+04, -8.35388451e+04,
       -8.35376988e+04, -8.35272207e+04, -8.35026430e+04, -8.34353636e+04,
       -8.33686462e+04, -8.33674863e+04, -8.32275390e+04, -8.30700082e+04,
       -8.30655101e+04, -8.27689490e+04, -8.25872869e+04, -8.25135582e+04,
       -8.25032170e+04, -8.23385218e+04, -8.23151964e+04, -8.21591329e+04,
       -8.21303771e+04, -8.18320972e+04, -8.18296358e+04, -8.15998306e+04,
       -8.15935793e+04, -8.15793952e+04, -8.15734797e+04, -8.14928864e+04,
       -8.14876152e+04, -8.14603176e+04, -8.14430411e+04, -8.13886472e+04,
       -8.11329948e+04, -8.10790319e+04, -8.10387296e+04, -8.09470496e+04,
       -8.06735370e+04, -8.06290537e+04, -8.06149373e+04, -8.03234003e+04,
       -8.02941620e+04, -8.02115901e+04, -8.01207827e+04, -8.00421530e+04,
       -7.97809464e+04, -7.94250471e+04, -7.94210737e+04, -7.94108373e+04,
       -7.93027959e+04, -7.92418401e+04, -7.92219780e+04, -7.90633223e+04,
       -7.89499152e+04, -7.82685366e+04, -7.82217509e+04, -7.75058364e+04,
       -7.74293888e+04, -7.73018116e+04, -7.69081578e+04, -7.68540720e+04,
       -7.66075135e+04, -7.64302244e+04, -7.62339017e+04, -7.59458805e+04,
       -7.59326271e+04, -7.58708123e+04, -7.55868093e+04, -7.54098482e+04,
       -7.53044361e+04, -7.51032929e+04, -7.50709189e+04, -7.49685592e+04,
       -7.45517617e+04, -7.44579320e+04, -7.42888737e+04, -7.40918265e+04,
       -7.40417903e+04, -7.39712136e+04, -7.39630569e+04, -7.39548103e+04,
       -7.39027651e+04, -7.38370355e+04, -7.37194167e+04, -7.37076574e+04,
       -7.34864173e+04, -7.34367436e+04, -7.34116820e+04, -7.32702484e+04,
       -7.30780991e+04, -7.30274964e+04, -7.28197047e+04, -7.27867988e+04,
       -7.22056942e+04, -7.17650171e+04, -7.13517058e+04, -7.12643594e+04,
       -7.12548341e+04, -7.11372679e+04, -7.09153226e+04, -7.08610482e+04,
       -7.06579108e+04, -7.03028467e+04, -6.99193754e+04, -6.94186678e+04,
       -6.91169869e+04, -6.90926661e+04, -6.86571749e+04, -6.86229658e+04,
       -6.85205672e+04, -6.84221812e+04, -6.83959362e+04, -6.83361096e+04,
       -6.80965848e+04, -6.80950408e+04, -6.80495917e+04, -6.78862167e+04,
       -6.75764550e+04, -6.74924474e+04, -6.74705539e+04, -6.72881276e+04,
       -6.72527057e+04, -6.71864753e+04, -6.71252551e+04, -6.70633601e+04,
       -6.69242267e+04, -6.69138555e+04, -6.64512908e+04, -6.62657963e+04,
       -6.61694939e+04, -6.55537645e+04, -6.52870108e+04, -6.52494783e+04,
       -6.52386429e+04, -6.52223430e+04, -6.49267424e+04, -6.48506077e+04,
       -6.47155238e+04, -6.46046413e+04, -6.45122211e+04, -6.44001688e+04,
       -6.43291555e+04, -6.43074289e+04, -6.42287103e+04, -6.40743618e+04,
       -6.33093089e+04, -6.31924759e+04, -6.31573633e+04, -6.30766062e+04,
       -6.29128015e+04, -6.26958728e+04, -6.25770265e+04, -6.25486351e+04,
       -6.25127250e+04, -6.24591005e+04, -6.23042394e+04, -6.21872170e+04,
       -6.21742118e+04, -6.20886958e+04, -6.20875314e+04, -6.20303414e+04,
       -6.19062448e+04, -6.15049603e+04, -6.10976504e+04, -6.09776083e+04,
       -6.09329996e+04, -6.08911081e+04, -6.05975151e+04, -5.99852283e+04,
       -5.98069680e+04, -5.95913289e+04, -5.93185226e+04, -5.92816887e+04,
       -5.92800953e+04, -5.91320334e+04, -5.90310285e+04, -5.88660743e+04,
       -5.86699075e+04, -5.83102190e+04, -5.81892339e+04, -5.81116213e+04,
       -5.74486029e+04, -5.72870802e+04, -5.72360473e+04, -5.71419898e+04,
       -5.66497429e+04, -5.64086288e+04, -5.62778196e+04, -5.62239076e+04,
       -5.55863729e+04, -5.54104861e+04, -5.50593570e+04, -5.50292873e+04,
       -5.44371901e+04, -5.42039497e+04, -5.41212009e+04, -5.38700017e+04,
       -5.31095022e+04, -5.30866348e+04, -5.28366707e+04, -5.27908389e+04,
       -5.23522472e+04, -5.20654091e+04, -5.16840091e+04, -5.12994783e+04,
       -5.09357514e+04, -5.09143273e+04, -5.08428909e+04, -5.07769449e+04,
       -5.02686725e+04, -5.01496049e+04, -4.81197344e+04, -4.79631260e+04,
       -4.79117286e+04, -4.78599607e+04, -4.78216299e+04, -4.76166985e+04,
       -4.76075956e+04, -4.74643323e+04, -4.73840790e+04, -4.73158558e+04,
       -4.72866543e+04, -4.68781709e+04, -4.68494560e+04, -4.67547785e+04,
       -4.66284050e+04, -4.63422496e+04, -4.62660447e+04, -4.61351448e+04,
       -4.59101613e+04, -4.57847009e+04, -4.55778155e+04, -4.55402579e+04,
       -4.54886915e+04, -4.50940813e+04, -4.49774847e+04, -4.47668708e+04,
       -4.44601241e+04, -4.40968604e+04, -4.36640249e+04, -4.35905357e+04,
       -4.32978360e+04, -4.31482966e+04, -4.27250634e+04, -4.17748117e+04,
       -4.16421440e+04, -4.04727317e+04, -4.03631297e+04, -4.01596410e+04,
       -4.01026358e+04, -4.00980359e+04, -3.95402920e+04, -3.94987048e+04,
       -3.93801141e+04, -3.92825361e+04, -3.88892805e+04, -3.86270909e+04,
       -3.85667973e+04, -3.79042385e+04, -3.76479461e+04, -3.75517103e+04,
       -3.73437119e+04, -3.71352038e+04, -3.69150146e+04, -3.67133524e+04,
       -3.62008546e+04, -3.49700817e+04, -3.44537177e+04, -3.41889994e+04,
       -3.39592827e+04, -3.37776128e+04, -3.37000951e+04, -3.36874681e+04,
       -3.32641870e+04, -3.32246302e+04, -3.23182347e+04, -3.23029891e+04,
       -3.22260754e+04, -3.20959664e+04, -3.13825995e+04, -3.12667527e+04,
       -3.05128448e+04, -3.00029886e+04, -2.91219449e+04, -2.89723005e+04,
       -2.75394916e+04, -2.72645989e+04, -2.67193986e+04, -2.63575211e+04,
       -2.62804915e+04, -2.57182050e+04, -2.56300993e+04, -2.47778700e+04,
       -2.38578038e+04, -2.19425213e+04, -2.13706368e+04, -2.12299144e+04,
       -2.11585718e+04, -2.10591021e+04, -2.08617697e+04, -2.07546954e+04,
       -2.05671345e+04, -1.95197450e+04, -1.89355612e+04, -1.84868164e+04,
       -1.81752926e+04, -1.52893939e+04, -1.47088208e+04, -1.43203340e+04,
       -1.36716623e+04, -1.33755367e+04, -1.32103295e+04, -1.17985584e+04,
       -1.15004105e+04, -1.13516298e+04, -9.87299072e+03, -7.53079811e+03,
       -7.26413930e+03])
   batch_nlive: array([200])
  batch_bounds: array([[-inf,  inf]])
          blob: array([None, None, None, None, None, None, None, None, None, None, None,
       None, None, None, None, None, None, None, None, None, None, None,
       None, None, None, None, None, None, None, None, None, None, None,
       None, None, None, None, None, None, None, None, None, None, None,
       None, None, None, None, None, None, None, None, None, None, None,
       None, None, None, None, None, None, None, None, None, None, None,
       None, None, None, None, None, None, None, None, None, None, None,
       None, None, None, None, None, None, None, None, None, None, None,
       None, None, None, None, None, None, None, None, None, None, None,
       None, None, None, None, None, None, None, None, None, None, None,
       None, None, None, None, None, None, None, None, None, None, None,
       None, None, None, None, None, None, None, None, None, None, None,
       None, None, None, None, None, None, None, None, None, None, None,
       None, None, None, None, None, None, None, None, None, None, None,
       None, None, None, None, None, None, None, None, None, None, None,
       None, None, None, None, None, None, None, None, None, None, None,
       None, None, None, None, None, None, None, None, None, None, None,
       None, None, None, None, None, None, None, None, None, None, None,
       None, None, None, None, None, None, None, None, None, None, None,
       None, None, None, None, None, None, None, None, None, None, None,
       None, None, None, None, None, None, None, None, None, None, None,
       None, None, None, None, None, None, None, None, None, None, None,
       None, None, None, None, None, None, None, None, None, None, None,
       None, None, None, None, None, None, None, None, None, None, None,
       None, None, None, None, None, None, None, None, None, None, None,
       None, None, None, None, None, None, None, None, None, None, None,
       None, None, None, None, None, None, None, None, None, None, None,
       None, None, None, None, None, None, None, None, None, None, None,
       None, None, None, None, None, None, None, None, None, None, None,
       None, None, None, None, None, None, None, None, None, None, None,
       None, None, None, None, None, None, None, None, None, None, None,
       None, None, None, None, None, None, None, None, None, None, None,
       None, None, None, None, None, None, None, None, None, None, None,
       None, None, None, None, None, None, None, None, None, None, None,
       None, None, None, None, None, None, None, None, None, None, None,
       None, None, None, None, None, None, None, None, None, None, None,
       None, None, None, None, None, None, None, None, None, None, None,
       None, None, None, None, None, None, None, None, None, None, None,
       None, None, None, None, None, None, None, None, None, None, None,
       None, None, None, None, None, None, None, None, None, None, None,
       None, None, None, None, None, None, None, None, None, None, None,
       None, None, None, None, None, None, None, None, None, None, None,
       None, None, None, None, None, None, None, None, None, None, None,
       None, None, None, None, None, None, None, None, None, None, None,
       None, None, None, None, None, None, None, None, None, None, None,
       None, None, None, None, None, None, None, None, None, None, None,
       None, None, None, None, None, None, None, None, None, None, None,
       None, None, None, None, None, None, None, None, None, None, None,
       None, None, None, None, None, None, None, None, None, None, None,
       None, None, None, None, None, None, None, None, None, None, None,
       None, None, None, None, None, None, None, None, None, None, None,
       None, None, None, None, None, None, None, None, None, None, None,
       None], dtype=object)
       logzerr: array([0.00000000e+00, 0.00000000e+00, 0.00000000e+00, 0.00000000e+00,
       0.00000000e+00, 0.00000000e+00, 0.00000000e+00, 0.00000000e+00,
       0.00000000e+00, 0.00000000e+00, 0.00000000e+00, 0.00000000e+00,
       0.00000000e+00, 0.00000000e+00, 0.00000000e+00, 0.00000000e+00,
       0.00000000e+00, 0.00000000e+00, 0.00000000e+00, 0.00000000e+00,
       0.00000000e+00, 0.00000000e+00, 0.00000000e+00, 0.00000000e+00,
       0.00000000e+00, 0.00000000e+00, 0.00000000e+00, 0.00000000e+00,
       0.00000000e+00, 0.00000000e+00, 0.00000000e+00, 0.00000000e+00,
       0.00000000e+00, 0.00000000e+00, 0.00000000e+00, 0.00000000e+00,
       0.00000000e+00, 0.00000000e+00, 0.00000000e+00, 0.00000000e+00,
       0.00000000e+00, 0.00000000e+00, 0.00000000e+00, 0.00000000e+00,
       0.00000000e+00, 0.00000000e+00, 0.00000000e+00, 0.00000000e+00,
       0.00000000e+00, 0.00000000e+00, 0.00000000e+00, 0.00000000e+00,
       0.00000000e+00, 0.00000000e+00, 0.00000000e+00, 0.00000000e+00,
       0.00000000e+00, 0.00000000e+00, 0.00000000e+00, 0.00000000e+00,
       0.00000000e+00, 0.00000000e+00, 0.00000000e+00, 0.00000000e+00,
       0.00000000e+00, 0.00000000e+00, 0.00000000e+00, 0.00000000e+00,
       0.00000000e+00, 0.00000000e+00, 0.00000000e+00, 0.00000000e+00,
       0.00000000e+00, 0.00000000e+00, 0.00000000e+00, 0.00000000e+00,
       0.00000000e+00, 0.00000000e+00, 0.00000000e+00, 0.00000000e+00,
       0.00000000e+00, 0.00000000e+00, 0.00000000e+00, 0.00000000e+00,
       0.00000000e+00, 0.00000000e+00, 0.00000000e+00, 0.00000000e+00,
       0.00000000e+00, 0.00000000e+00, 0.00000000e+00, 0.00000000e+00,
       0.00000000e+00, 0.00000000e+00, 0.00000000e+00, 0.00000000e+00,
       0.00000000e+00, 0.00000000e+00, 0.00000000e+00, 0.00000000e+00,
       0.00000000e+00, 0.00000000e+00, 0.00000000e+00, 0.00000000e+00,
       0.00000000e+00, 0.00000000e+00, 0.00000000e+00, 0.00000000e+00,
       0.00000000e+00, 0.00000000e+00, 0.00000000e+00, 0.00000000e+00,
       0.00000000e+00, 0.00000000e+00, 0.00000000e+00, 0.00000000e+00,
       0.00000000e+00, 0.00000000e+00, 0.00000000e+00, 0.00000000e+00,
       0.00000000e+00, 0.00000000e+00, 0.00000000e+00, 0.00000000e+00,
       0.00000000e+00, 0.00000000e+00, 0.00000000e+00, 0.00000000e+00,
       0.00000000e+00, 0.00000000e+00, 0.00000000e+00, 0.00000000e+00,
       0.00000000e+00, 0.00000000e+00, 0.00000000e+00, 0.00000000e+00,
       0.00000000e+00, 0.00000000e+00, 0.00000000e+00, 0.00000000e+00,
       0.00000000e+00, 0.00000000e+00, 0.00000000e+00, 0.00000000e+00,
       0.00000000e+00, 0.00000000e+00, 0.00000000e+00, 0.00000000e+00,
       0.00000000e+00, 0.00000000e+00, 0.00000000e+00, 0.00000000e+00,
       0.00000000e+00, 0.00000000e+00, 0.00000000e+00, 0.00000000e+00,
       0.00000000e+00, 0.00000000e+00, 0.00000000e+00, 0.00000000e+00,
       0.00000000e+00, 0.00000000e+00, 0.00000000e+00, 0.00000000e+00,
       0.00000000e+00, 0.00000000e+00, 0.00000000e+00, 0.00000000e+00,
       0.00000000e+00, 0.00000000e+00, 0.00000000e+00, 0.00000000e+00,
       0.00000000e+00, 0.00000000e+00, 0.00000000e+00, 0.00000000e+00,
       0.00000000e+00, 0.00000000e+00, 0.00000000e+00, 0.00000000e+00,
       0.00000000e+00, 0.00000000e+00, 0.00000000e+00, 0.00000000e+00,
       0.00000000e+00, 0.00000000e+00, 0.00000000e+00, 0.00000000e+00,
       0.00000000e+00, 0.00000000e+00, 0.00000000e+00, 0.00000000e+00,
       0.00000000e+00, 0.00000000e+00, 0.00000000e+00, 0.00000000e+00,
       0.00000000e+00, 0.00000000e+00, 0.00000000e+00, 0.00000000e+00,
       0.00000000e+00, 0.00000000e+00, 0.00000000e+00, 0.00000000e+00,
       0.00000000e+00, 0.00000000e+00, 0.00000000e+00, 0.00000000e+00,
       0.00000000e+00, 0.00000000e+00, 0.00000000e+00, 0.00000000e+00,
       0.00000000e+00, 0.00000000e+00, 0.00000000e+00, 0.00000000e+00,
       0.00000000e+00, 0.00000000e+00, 0.00000000e+00, 0.00000000e+00,
       0.00000000e+00, 0.00000000e+00, 0.00000000e+00, 0.00000000e+00,
       0.00000000e+00, 0.00000000e+00, 0.00000000e+00, 0.00000000e+00,
       0.00000000e+00, 0.00000000e+00, 0.00000000e+00, 0.00000000e+00,
       0.00000000e+00, 0.00000000e+00, 0.00000000e+00, 0.00000000e+00,
       0.00000000e+00, 0.00000000e+00, 0.00000000e+00, 0.00000000e+00,
       0.00000000e+00, 0.00000000e+00, 0.00000000e+00, 0.00000000e+00,
       0.00000000e+00, 0.00000000e+00, 0.00000000e+00, 0.00000000e+00,
       0.00000000e+00, 0.00000000e+00, 0.00000000e+00, 0.00000000e+00,
       0.00000000e+00, 0.00000000e+00, 0.00000000e+00, 0.00000000e+00,
       0.00000000e+00, 0.00000000e+00, 0.00000000e+00, 0.00000000e+00,
       0.00000000e+00, 0.00000000e+00, 0.00000000e+00, 0.00000000e+00,
       0.00000000e+00, 0.00000000e+00, 0.00000000e+00, 0.00000000e+00,
       0.00000000e+00, 0.00000000e+00, 0.00000000e+00, 0.00000000e+00,
       0.00000000e+00, 0.00000000e+00, 0.00000000e+00, 0.00000000e+00,
       0.00000000e+00, 0.00000000e+00, 0.00000000e+00, 0.00000000e+00,
       0.00000000e+00, 0.00000000e+00, 0.00000000e+00, 0.00000000e+00,
       0.00000000e+00, 0.00000000e+00, 0.00000000e+00, 0.00000000e+00,
       0.00000000e+00, 0.00000000e+00, 0.00000000e+00, 0.00000000e+00,
       0.00000000e+00, 0.00000000e+00, 0.00000000e+00, 0.00000000e+00,
       0.00000000e+00, 0.00000000e+00, 0.00000000e+00, 0.00000000e+00,
       0.00000000e+00, 0.00000000e+00, 0.00000000e+00, 0.00000000e+00,
       0.00000000e+00, 0.00000000e+00, 0.00000000e+00, 0.00000000e+00,
       0.00000000e+00, 0.00000000e+00, 0.00000000e+00, 0.00000000e+00,
       0.00000000e+00, 0.00000000e+00, 0.00000000e+00, 0.00000000e+00,
       0.00000000e+00, 0.00000000e+00, 0.00000000e+00, 0.00000000e+00,
       0.00000000e+00, 0.00000000e+00, 0.00000000e+00, 0.00000000e+00,
       0.00000000e+00, 0.00000000e+00, 0.00000000e+00, 0.00000000e+00,
       0.00000000e+00, 0.00000000e+00, 0.00000000e+00, 0.00000000e+00,
       0.00000000e+00, 0.00000000e+00, 0.00000000e+00, 0.00000000e+00,
       0.00000000e+00, 0.00000000e+00, 0.00000000e+00, 0.00000000e+00,
       0.00000000e+00, 0.00000000e+00, 0.00000000e+00, 0.00000000e+00,
       0.00000000e+00, 0.00000000e+00, 0.00000000e+00, 0.00000000e+00,
       0.00000000e+00, 0.00000000e+00, 0.00000000e+00, 0.00000000e+00,
       0.00000000e+00, 0.00000000e+00, 0.00000000e+00, 0.00000000e+00,
       0.00000000e+00, 0.00000000e+00, 0.00000000e+00, 0.00000000e+00,
       0.00000000e+00, 0.00000000e+00, 0.00000000e+00, 0.00000000e+00,
       0.00000000e+00, 0.00000000e+00, 0.00000000e+00, 0.00000000e+00,
       0.00000000e+00, 0.00000000e+00, 0.00000000e+00, 0.00000000e+00,
       0.00000000e+00, 0.00000000e+00, 0.00000000e+00, 0.00000000e+00,
       0.00000000e+00, 0.00000000e+00, 0.00000000e+00, 0.00000000e+00,
       0.00000000e+00, 0.00000000e+00, 0.00000000e+00, 0.00000000e+00,
       0.00000000e+00, 0.00000000e+00, 0.00000000e+00, 0.00000000e+00,
       0.00000000e+00, 0.00000000e+00, 0.00000000e+00, 0.00000000e+00,
       0.00000000e+00, 0.00000000e+00, 0.00000000e+00, 0.00000000e+00,
       0.00000000e+00, 0.00000000e+00, 0.00000000e+00, 0.00000000e+00,
       0.00000000e+00, 0.00000000e+00, 0.00000000e+00, 0.00000000e+00,
       0.00000000e+00, 0.00000000e+00, 0.00000000e+00, 0.00000000e+00,
       0.00000000e+00, 0.00000000e+00, 0.00000000e+00, 0.00000000e+00,
       0.00000000e+00, 0.00000000e+00, 0.00000000e+00, 0.00000000e+00,
       0.00000000e+00, 0.00000000e+00, 0.00000000e+00, 0.00000000e+00,
       0.00000000e+00, 0.00000000e+00, 0.00000000e+00, 0.00000000e+00,
       0.00000000e+00, 0.00000000e+00, 0.00000000e+00, 0.00000000e+00,
       0.00000000e+00, 0.00000000e+00, 0.00000000e+00, 0.00000000e+00,
       0.00000000e+00, 0.00000000e+00, 0.00000000e+00, 0.00000000e+00,
       0.00000000e+00, 0.00000000e+00, 0.00000000e+00, 0.00000000e+00,
       0.00000000e+00, 0.00000000e+00, 0.00000000e+00, 0.00000000e+00,
       0.00000000e+00, 0.00000000e+00, 0.00000000e+00, 0.00000000e+00,
       0.00000000e+00, 0.00000000e+00, 0.00000000e+00, 0.00000000e+00,
       0.00000000e+00, 0.00000000e+00, 0.00000000e+00, 0.00000000e+00,
       0.00000000e+00, 0.00000000e+00, 0.00000000e+00, 0.00000000e+00,
       0.00000000e+00, 0.00000000e+00, 0.00000000e+00, 0.00000000e+00,
       0.00000000e+00, 0.00000000e+00, 0.00000000e+00, 0.00000000e+00,
       0.00000000e+00, 0.00000000e+00, 0.00000000e+00, 0.00000000e+00,
       0.00000000e+00, 0.00000000e+00, 0.00000000e+00, 0.00000000e+00,
       0.00000000e+00, 0.00000000e+00, 0.00000000e+00, 0.00000000e+00,
       0.00000000e+00, 0.00000000e+00, 0.00000000e+00, 0.00000000e+00,
       0.00000000e+00, 0.00000000e+00, 0.00000000e+00, 0.00000000e+00,
       0.00000000e+00, 0.00000000e+00, 0.00000000e+00, 0.00000000e+00,
       0.00000000e+00, 0.00000000e+00, 0.00000000e+00, 0.00000000e+00,
       0.00000000e+00, 0.00000000e+00, 0.00000000e+00, 0.00000000e+00,
       0.00000000e+00, 0.00000000e+00, 0.00000000e+00, 0.00000000e+00,
       0.00000000e+00, 0.00000000e+00, 0.00000000e+00, 0.00000000e+00,
       0.00000000e+00, 0.00000000e+00, 0.00000000e+00, 0.00000000e+00,
       0.00000000e+00, 0.00000000e+00, 0.00000000e+00, 0.00000000e+00,
       0.00000000e+00, 0.00000000e+00, 0.00000000e+00, 0.00000000e+00,
       0.00000000e+00, 0.00000000e+00, 0.00000000e+00, 0.00000000e+00,
       0.00000000e+00, 0.00000000e+00, 0.00000000e+00, 0.00000000e+00,
       0.00000000e+00, 0.00000000e+00, 0.00000000e+00, 0.00000000e+00,
       0.00000000e+00, 0.00000000e+00, 0.00000000e+00, 0.00000000e+00,
       0.00000000e+00, 0.00000000e+00, 0.00000000e+00, 0.00000000e+00,
       0.00000000e+00, 0.00000000e+00, 0.00000000e+00, 0.00000000e+00,
       0.00000000e+00, 0.00000000e+00, 0.00000000e+00, 0.00000000e+00,
       0.00000000e+00, 0.00000000e+00, 0.00000000e+00, 0.00000000e+00,
       0.00000000e+00, 0.00000000e+00, 0.00000000e+00, 0.00000000e+00,
       0.00000000e+00, 0.00000000e+00, 0.00000000e+00, 0.00000000e+00,
       0.00000000e+00, 0.00000000e+00, 0.00000000e+00, 0.00000000e+00,
       0.00000000e+00, 0.00000000e+00, 0.00000000e+00, 0.00000000e+00,
       0.00000000e+00, 0.00000000e+00, 0.00000000e+00, 1.27713034e-57,
       2.33364999e+00])
   information: array([ 0.00000000e+000,  0.00000000e+000,  0.00000000e+000,
        0.00000000e+000,  0.00000000e+000,  0.00000000e+000,
        0.00000000e+000,  0.00000000e+000,  0.00000000e+000,
        0.00000000e+000,  0.00000000e+000,  0.00000000e+000,
        0.00000000e+000,  0.00000000e+000,  0.00000000e+000,
        0.00000000e+000,  0.00000000e+000,  0.00000000e+000,
        0.00000000e+000,  0.00000000e+000,  0.00000000e+000,
        0.00000000e+000,  0.00000000e+000,  0.00000000e+000,
        0.00000000e+000,  0.00000000e+000,  0.00000000e+000,
        0.00000000e+000,  0.00000000e+000,  0.00000000e+000,
        0.00000000e+000,  0.00000000e+000,  0.00000000e+000,
        0.00000000e+000,  0.00000000e+000,  0.00000000e+000,
        0.00000000e+000,  0.00000000e+000,  0.00000000e+000,
        0.00000000e+000,  0.00000000e+000,  0.00000000e+000,
        0.00000000e+000,  0.00000000e+000,  0.00000000e+000,
        0.00000000e+000,  0.00000000e+000,  0.00000000e+000,
        0.00000000e+000,  0.00000000e+000,  0.00000000e+000,
        0.00000000e+000,  0.00000000e+000,  0.00000000e+000,
        0.00000000e+000,  0.00000000e+000,  0.00000000e+000,
        0.00000000e+000,  0.00000000e+000,  0.00000000e+000,
        0.00000000e+000,  0.00000000e+000,  0.00000000e+000,
        0.00000000e+000,  0.00000000e+000,  0.00000000e+000,
        0.00000000e+000,  0.00000000e+000,  0.00000000e+000,
        0.00000000e+000,  0.00000000e+000,  0.00000000e+000,
        0.00000000e+000,  0.00000000e+000,  0.00000000e+000,
        0.00000000e+000,  0.00000000e+000,  0.00000000e+000,
        0.00000000e+000,  0.00000000e+000,  0.00000000e+000,
        0.00000000e+000,  0.00000000e+000,  0.00000000e+000,
        0.00000000e+000,  0.00000000e+000,  0.00000000e+000,
        0.00000000e+000,  0.00000000e+000,  0.00000000e+000,
        0.00000000e+000,  0.00000000e+000,  0.00000000e+000,
        0.00000000e+000,  0.00000000e+000,  0.00000000e+000,
        0.00000000e+000,  0.00000000e+000,  0.00000000e+000,
        0.00000000e+000,  0.00000000e+000,  0.00000000e+000,
        0.00000000e+000,  0.00000000e+000,  0.00000000e+000,
        0.00000000e+000,  0.00000000e+000,  0.00000000e+000,
        0.00000000e+000,  0.00000000e+000,  0.00000000e+000,
        0.00000000e+000,  0.00000000e+000,  0.00000000e+000,
        0.00000000e+000,  0.00000000e+000,  0.00000000e+000,
        0.00000000e+000,  0.00000000e+000,  0.00000000e+000,
        0.00000000e+000,  0.00000000e+000,  0.00000000e+000,
        0.00000000e+000,  0.00000000e+000,  0.00000000e+000,
        0.00000000e+000,  0.00000000e+000,  0.00000000e+000,
        0.00000000e+000,  0.00000000e+000,  0.00000000e+000,
        0.00000000e+000,  0.00000000e+000,  0.00000000e+000,
        0.00000000e+000,  0.00000000e+000,  0.00000000e+000,
        0.00000000e+000,  0.00000000e+000,  0.00000000e+000,
        0.00000000e+000,  0.00000000e+000,  0.00000000e+000,
        0.00000000e+000,  0.00000000e+000,  0.00000000e+000,
        0.00000000e+000,  0.00000000e+000,  0.00000000e+000,
        0.00000000e+000,  0.00000000e+000,  0.00000000e+000,
        0.00000000e+000,  0.00000000e+000,  0.00000000e+000,
        0.00000000e+000,  0.00000000e+000,  0.00000000e+000,
        0.00000000e+000,  0.00000000e+000,  0.00000000e+000,
        0.00000000e+000,  0.00000000e+000,  0.00000000e+000,
        0.00000000e+000,  0.00000000e+000,  0.00000000e+000,
        0.00000000e+000,  0.00000000e+000,  0.00000000e+000,
        0.00000000e+000,  0.00000000e+000,  0.00000000e+000,
        0.00000000e+000,  0.00000000e+000,  0.00000000e+000,
        0.00000000e+000,  0.00000000e+000,  0.00000000e+000,
        0.00000000e+000,  0.00000000e+000,  0.00000000e+000,
        0.00000000e+000,  0.00000000e+000,  0.00000000e+000,
        0.00000000e+000,  0.00000000e+000,  0.00000000e+000,
        0.00000000e+000,  0.00000000e+000,  0.00000000e+000,
        0.00000000e+000,  0.00000000e+000,  0.00000000e+000,
        0.00000000e+000,  0.00000000e+000,  0.00000000e+000,
        0.00000000e+000,  0.00000000e+000,  0.00000000e+000,
        0.00000000e+000,  0.00000000e+000,  0.00000000e+000,
        0.00000000e+000,  0.00000000e+000,  0.00000000e+000,
        0.00000000e+000,  0.00000000e+000,  0.00000000e+000,
        0.00000000e+000,  0.00000000e+000,  0.00000000e+000,
        0.00000000e+000,  0.00000000e+000,  0.00000000e+000,
        0.00000000e+000,  0.00000000e+000,  0.00000000e+000,
        0.00000000e+000,  0.00000000e+000,  0.00000000e+000,
        0.00000000e+000,  0.00000000e+000,  0.00000000e+000,
        0.00000000e+000,  0.00000000e+000,  0.00000000e+000,
        0.00000000e+000,  0.00000000e+000,  0.00000000e+000,
        0.00000000e+000,  0.00000000e+000,  0.00000000e+000,
        0.00000000e+000,  0.00000000e+000,  0.00000000e+000,
        0.00000000e+000,  0.00000000e+000,  0.00000000e+000,
        0.00000000e+000,  0.00000000e+000,  0.00000000e+000,
        0.00000000e+000,  0.00000000e+000,  0.00000000e+000,
        0.00000000e+000,  0.00000000e+000,  0.00000000e+000,
        0.00000000e+000,  0.00000000e+000,  0.00000000e+000,
        0.00000000e+000,  0.00000000e+000,  0.00000000e+000,
        0.00000000e+000,  0.00000000e+000,  0.00000000e+000,
        0.00000000e+000,  0.00000000e+000,  0.00000000e+000,
        0.00000000e+000,  0.00000000e+000,  0.00000000e+000,
        0.00000000e+000,  0.00000000e+000,  0.00000000e+000,
        0.00000000e+000,  0.00000000e+000,  0.00000000e+000,
        0.00000000e+000,  0.00000000e+000,  0.00000000e+000,
        0.00000000e+000,  0.00000000e+000,  0.00000000e+000,
        0.00000000e+000,  0.00000000e+000,  0.00000000e+000,
        0.00000000e+000,  0.00000000e+000,  0.00000000e+000,
        0.00000000e+000,  0.00000000e+000,  0.00000000e+000,
        0.00000000e+000,  0.00000000e+000,  0.00000000e+000,
        0.00000000e+000,  0.00000000e+000,  0.00000000e+000,
        0.00000000e+000,  0.00000000e+000,  0.00000000e+000,
        0.00000000e+000,  0.00000000e+000,  0.00000000e+000,
        0.00000000e+000,  0.00000000e+000,  0.00000000e+000,
        0.00000000e+000,  0.00000000e+000,  0.00000000e+000,
        0.00000000e+000,  0.00000000e+000,  0.00000000e+000,
        0.00000000e+000,  0.00000000e+000,  0.00000000e+000,
        0.00000000e+000,  0.00000000e+000,  0.00000000e+000,
        0.00000000e+000,  0.00000000e+000,  0.00000000e+000,
        0.00000000e+000,  0.00000000e+000,  0.00000000e+000,
        0.00000000e+000,  0.00000000e+000,  0.00000000e+000,
        0.00000000e+000,  0.00000000e+000,  0.00000000e+000,
        0.00000000e+000,  0.00000000e+000,  0.00000000e+000,
        0.00000000e+000,  0.00000000e+000,  0.00000000e+000,
        0.00000000e+000,  0.00000000e+000,  0.00000000e+000,
        0.00000000e+000,  0.00000000e+000,  0.00000000e+000,
        0.00000000e+000,  0.00000000e+000,  0.00000000e+000,
        0.00000000e+000,  0.00000000e+000,  0.00000000e+000,
        0.00000000e+000,  0.00000000e+000,  0.00000000e+000,
        0.00000000e+000,  0.00000000e+000,  0.00000000e+000,
        0.00000000e+000,  0.00000000e+000,  0.00000000e+000,
        0.00000000e+000,  0.00000000e+000,  0.00000000e+000,
        0.00000000e+000,  0.00000000e+000,  0.00000000e+000,
        0.00000000e+000,  0.00000000e+000,  0.00000000e+000,
        0.00000000e+000,  0.00000000e+000,  0.00000000e+000,
        0.00000000e+000,  0.00000000e+000,  0.00000000e+000,
        0.00000000e+000,  0.00000000e+000,  0.00000000e+000,
        0.00000000e+000,  0.00000000e+000,  0.00000000e+000,
        0.00000000e+000,  0.00000000e+000,  0.00000000e+000,
        0.00000000e+000,  0.00000000e+000,  0.00000000e+000,
        0.00000000e+000,  0.00000000e+000,  0.00000000e+000,
        0.00000000e+000,  0.00000000e+000,  0.00000000e+000,
        0.00000000e+000,  0.00000000e+000,  0.00000000e+000,
        0.00000000e+000,  0.00000000e+000,  0.00000000e+000,
        0.00000000e+000,  0.00000000e+000,  0.00000000e+000,
        0.00000000e+000,  0.00000000e+000,  0.00000000e+000,
        0.00000000e+000,  0.00000000e+000,  0.00000000e+000,
        0.00000000e+000,  0.00000000e+000,  0.00000000e+000,
        0.00000000e+000,  0.00000000e+000,  0.00000000e+000,
        0.00000000e+000,  0.00000000e+000,  0.00000000e+000,
        0.00000000e+000,  0.00000000e+000,  0.00000000e+000,
        0.00000000e+000,  0.00000000e+000,  0.00000000e+000,
        0.00000000e+000,  0.00000000e+000,  0.00000000e+000,
        0.00000000e+000,  0.00000000e+000,  0.00000000e+000,
        0.00000000e+000,  0.00000000e+000,  0.00000000e+000,
        0.00000000e+000,  0.00000000e+000,  0.00000000e+000,
        0.00000000e+000,  0.00000000e+000,  0.00000000e+000,
        0.00000000e+000,  0.00000000e+000,  0.00000000e+000,
        0.00000000e+000,  0.00000000e+000,  0.00000000e+000,
        0.00000000e+000,  0.00000000e+000,  0.00000000e+000,
        0.00000000e+000,  0.00000000e+000,  0.00000000e+000,
        0.00000000e+000,  0.00000000e+000,  0.00000000e+000,
        0.00000000e+000,  0.00000000e+000,  0.00000000e+000,
        0.00000000e+000,  0.00000000e+000,  0.00000000e+000,
        0.00000000e+000,  0.00000000e+000,  0.00000000e+000,
        0.00000000e+000,  0.00000000e+000,  0.00000000e+000,
        0.00000000e+000,  0.00000000e+000,  0.00000000e+000,
        0.00000000e+000,  0.00000000e+000,  0.00000000e+000,
        0.00000000e+000,  0.00000000e+000,  0.00000000e+000,
        0.00000000e+000,  0.00000000e+000,  0.00000000e+000,
        0.00000000e+000,  0.00000000e+000,  0.00000000e+000,
        0.00000000e+000,  0.00000000e+000,  0.00000000e+000,
        0.00000000e+000,  0.00000000e+000,  0.00000000e+000,
        0.00000000e+000,  0.00000000e+000,  0.00000000e+000,
        0.00000000e+000,  0.00000000e+000,  0.00000000e+000,
        0.00000000e+000,  0.00000000e+000,  0.00000000e+000,
        0.00000000e+000,  0.00000000e+000,  0.00000000e+000,
        0.00000000e+000,  0.00000000e+000,  0.00000000e+000,
        0.00000000e+000,  0.00000000e+000,  0.00000000e+000,
        0.00000000e+000,  0.00000000e+000,  0.00000000e+000,
        0.00000000e+000,  0.00000000e+000,  0.00000000e+000,
        0.00000000e+000,  0.00000000e+000,  0.00000000e+000,
        0.00000000e+000,  0.00000000e+000,  0.00000000e+000,
        0.00000000e+000,  0.00000000e+000,  0.00000000e+000,
        0.00000000e+000,  0.00000000e+000,  0.00000000e+000,
        0.00000000e+000,  0.00000000e+000,  0.00000000e+000,
        0.00000000e+000,  0.00000000e+000,  0.00000000e+000,
        0.00000000e+000,  0.00000000e+000,  0.00000000e+000,
        0.00000000e+000,  0.00000000e+000,  0.00000000e+000,
        0.00000000e+000,  0.00000000e+000,  0.00000000e+000,
        0.00000000e+000,  0.00000000e+000,  0.00000000e+000,
        0.00000000e+000,  0.00000000e+000,  0.00000000e+000,
        0.00000000e+000,  0.00000000e+000,  0.00000000e+000,
        0.00000000e+000,  0.00000000e+000,  0.00000000e+000,
        0.00000000e+000,  0.00000000e+000,  0.00000000e+000,
        0.00000000e+000,  0.00000000e+000,  0.00000000e+000,
        0.00000000e+000,  0.00000000e+000,  0.00000000e+000,
        0.00000000e+000,  0.00000000e+000,  0.00000000e+000,
        0.00000000e+000,  0.00000000e+000,  0.00000000e+000,
        0.00000000e+000,  0.00000000e+000,  0.00000000e+000,
        0.00000000e+000,  0.00000000e+000,  0.00000000e+000,
        0.00000000e+000,  0.00000000e+000,  0.00000000e+000,
        0.00000000e+000,  0.00000000e+000,  0.00000000e+000,
        0.00000000e+000,  0.00000000e+000,  0.00000000e+000,
        0.00000000e+000, -4.02269360e-114,  7.85680507e+000])
         bound: [<dynesty.bounding.UnitCube object at 0x7fcf095acc90>]
    bound_iter: array([0, 0, 0, 0, 0, 0, 0, 0, 0, 0, 0, 0, 0, 0, 0, 0, 0, 0, 0, 0, 0, 0,
       0, 0, 0, 0, 0, 0, 0, 0, 0, 0, 0, 0, 0, 0, 0, 0, 0, 0, 0, 0, 0, 0,
       0, 0, 0, 0, 0, 0, 0, 0, 0, 0, 0, 0, 0, 0, 0, 0, 0, 0, 0, 0, 0, 0,
       0, 0, 0, 0, 0, 0, 0, 0, 0, 0, 0, 0, 0, 0, 0, 0, 0, 0, 0, 0, 0, 0,
       0, 0, 0, 0, 0, 0, 0, 0, 0, 0, 0, 0, 0, 0, 0, 0, 0, 0, 0, 0, 0, 0,
       0, 0, 0, 0, 0, 0, 0, 0, 0, 0, 0, 0, 0, 0, 0, 0, 0, 0, 0, 0, 0, 0,
       0, 0, 0, 0, 0, 0, 0, 0, 0, 0, 0, 0, 0, 0, 0, 0, 0, 0, 0, 0, 0, 0,
       0, 0, 0, 0, 0, 0, 0, 0, 0, 0, 0, 0, 0, 0, 0, 0, 0, 0, 0, 0, 0, 0,
       0, 0, 0, 0, 0, 0, 0, 0, 0, 0, 0, 0, 0, 0, 0, 0, 0, 0, 0, 0, 0, 0,
       0, 0, 0, 0, 0, 0, 0, 0, 0, 0, 0, 0, 0, 0, 0, 0, 0, 0, 0, 0, 0, 0,
       0, 0, 0, 0, 0, 0, 0, 0, 0, 0, 0, 0, 0, 0, 0, 0, 0, 0, 0, 0, 0, 0,
       0, 0, 0, 0, 0, 0, 0, 0, 0, 0, 0, 0, 0, 0, 0, 0, 0, 0, 0, 0, 0, 0,
       0, 0, 0, 0, 0, 0, 0, 0, 0, 0, 0, 0, 0, 0, 0, 0, 0, 0, 0, 0, 0, 0,
       0, 0, 0, 0, 0, 0, 0, 0, 0, 0, 0, 0, 0, 0, 0, 0, 0, 0, 0, 0, 0, 0,
       0, 0, 0, 0, 0, 0, 0, 0, 0, 0, 0, 0, 0, 0, 0, 0, 0, 0, 0, 0, 0, 0,
       0, 0, 0, 0, 0, 0, 0, 0, 0, 0, 0, 0, 0, 0, 0, 0, 0, 0, 0, 0, 0, 0,
       0, 0, 0, 0, 0, 0, 0, 0, 0, 0, 0, 0, 0, 0, 0, 0, 0, 0, 0, 0, 0, 0,
       0, 0, 0, 0, 0, 0, 0, 0, 0, 0, 0, 0, 0, 0, 0, 0, 0, 0, 0, 0, 0, 0,
       0, 0, 0, 0, 0, 0, 0, 0, 0, 0, 0, 0, 0, 0, 0, 0, 0, 0, 0, 0, 0, 0,
       0, 0, 0, 0, 0, 0, 0, 0, 0, 0, 0, 0, 0, 0, 0, 0, 0, 0, 0, 0, 0, 0,
       0, 0, 0, 0, 0, 0, 0, 0, 0, 0, 0, 0, 0, 0, 0, 0, 0, 0, 0, 0, 0, 0,
       0, 0, 0, 0, 0, 0, 0, 0, 0, 0, 0, 0, 0, 0, 0, 0, 0, 0, 0, 0, 0, 0,
       0, 0, 0, 0, 0, 0, 0, 0, 0, 0, 0, 0, 0, 0, 0, 0, 0, 0, 0, 0, 0, 0,
       0, 0, 0, 0, 0, 0, 0, 0, 0, 0, 0, 0, 0, 0, 0, 0, 0, 0, 0, 0, 0, 0,
       0, 0, 0, 0, 0, 0, 0, 0, 0, 0, 0, 0, 0, 0, 0, 0, 0, 0, 0, 0, 0, 0,
       0, 0, 0, 0, 0, 0, 0, 0, 0, 0, 0, 0, 0, 0, 0, 0, 0, 0, 0, 0, 0, 0,
       0])
 samples_bound: array([0, 0, 0, 0, 0, 0, 0, 0, 0, 0, 0, 0, 0, 0, 0, 0, 0, 0, 0, 0, 0, 0,
       0, 0, 0, 0, 0, 0, 0, 0, 0, 0, 0, 0, 0, 0, 0, 0, 0, 0, 0, 0, 0, 0,
       0, 0, 0, 0, 0, 0, 0, 0, 0, 0, 0, 0, 0, 0, 0, 0, 0, 0, 0, 0, 0, 0,
       0, 0, 0, 0, 0, 0, 0, 0, 0, 0, 0, 0, 0, 0, 0, 0, 0, 0, 0, 0, 0, 0,
       0, 0, 0, 0, 0, 0, 0, 0, 0, 0, 0, 0, 0, 0, 0, 0, 0, 0, 0, 0, 0, 0,
       0, 0, 0, 0, 0, 0, 0, 0, 0, 0, 0, 0, 0, 0, 0, 0, 0, 0, 0, 0, 0, 0,
       0, 0, 0, 0, 0, 0, 0, 0, 0, 0, 0, 0, 0, 0, 0, 0, 0, 0, 0, 0, 0, 0,
       0, 0, 0, 0, 0, 0, 0, 0, 0, 0, 0, 0, 0, 0, 0, 0, 0, 0, 0, 0, 0, 0,
       0, 0, 0, 0, 0, 0, 0, 0, 0, 0, 0, 0, 0, 0, 0, 0, 0, 0, 0, 0, 0, 0,
       0, 0, 0, 0, 0, 0, 0, 0, 0, 0, 0, 0, 0, 0, 0, 0, 0, 0, 0, 0, 0, 0,
       0, 0, 0, 0, 0, 0, 0, 0, 0, 0, 0, 0, 0, 0, 0, 0, 0, 0, 0, 0, 0, 0,
       0, 0, 0, 0, 0, 0, 0, 0, 0, 0, 0, 0, 0, 0, 0, 0, 0, 0, 0, 0, 0, 0,
       0, 0, 0, 0, 0, 0, 0, 0, 0, 0, 0, 0, 0, 0, 0, 0, 0, 0, 0, 0, 0, 0,
       0, 0, 0, 0, 0, 0, 0, 0, 0, 0, 0, 0, 0, 0, 0, 0, 0, 0, 0, 0, 0, 0,
       0, 0, 0, 0, 0, 0, 0, 0, 0, 0, 0, 0, 0, 0, 0, 0, 0, 0, 0, 0, 0, 0,
       0, 0, 0, 0, 0, 0, 0, 0, 0, 0, 0, 0, 0, 0, 0, 0, 0, 0, 0, 0, 0, 0,
       0, 0, 0, 0, 0, 0, 0, 0, 0, 0, 0, 0, 0, 0, 0, 0, 0, 0, 0, 0, 0, 0,
       0, 0, 0, 0, 0, 0, 0, 0, 0, 0, 0, 0, 0, 0, 0, 0, 0, 0, 0, 0, 0, 0,
       0, 0, 0, 0, 0, 0, 0, 0, 0, 0, 0, 0, 0, 0, 0, 0, 0, 0, 0, 0, 0, 0,
       0, 0, 0, 0, 0, 0, 0, 0, 0, 0, 0, 0, 0, 0, 0, 0, 0, 0, 0, 0, 0, 0,
       0, 0, 0, 0, 0, 0, 0, 0, 0, 0, 0, 0, 0, 0, 0, 0, 0, 0, 0, 0, 0, 0,
       0, 0, 0, 0, 0, 0, 0, 0, 0, 0, 0, 0, 0, 0, 0, 0, 0, 0, 0, 0, 0, 0,
       0, 0, 0, 0, 0, 0, 0, 0, 0, 0, 0, 0, 0, 0, 0, 0, 0, 0, 0, 0, 0, 0,
       0, 0, 0, 0, 0, 0, 0, 0, 0, 0, 0, 0, 0, 0, 0, 0, 0, 0, 0, 0, 0, 0,
       0, 0, 0, 0, 0, 0, 0, 0, 0, 0, 0, 0, 0, 0, 0, 0, 0, 0, 0, 0, 0, 0,
       0, 0, 0, 0, 0, 0, 0, 0, 0, 0, 0, 0, 0, 0, 0, 0, 0, 0, 0, 0, 0, 0,
       0])
         scale: array([1., 1., 1., 1., 1., 1., 1., 1., 1., 1., 1., 1., 1., 1., 1., 1., 1.,
       1., 1., 1., 1., 1., 1., 1., 1., 1., 1., 1., 1., 1., 1., 1., 1., 1.,
       1., 1., 1., 1., 1., 1., 1., 1., 1., 1., 1., 1., 1., 1., 1., 1., 1.,
       1., 1., 1., 1., 1., 1., 1., 1., 1., 1., 1., 1., 1., 1., 1., 1., 1.,
       1., 1., 1., 1., 1., 1., 1., 1., 1., 1., 1., 1., 1., 1., 1., 1., 1.,
       1., 1., 1., 1., 1., 1., 1., 1., 1., 1., 1., 1., 1., 1., 1., 1., 1.,
       1., 1., 1., 1., 1., 1., 1., 1., 1., 1., 1., 1., 1., 1., 1., 1., 1.,
       1., 1., 1., 1., 1., 1., 1., 1., 1., 1., 1., 1., 1., 1., 1., 1., 1.,
       1., 1., 1., 1., 1., 1., 1., 1., 1., 1., 1., 1., 1., 1., 1., 1., 1.,
       1., 1., 1., 1., 1., 1., 1., 1., 1., 1., 1., 1., 1., 1., 1., 1., 1.,
       1., 1., 1., 1., 1., 1., 1., 1., 1., 1., 1., 1., 1., 1., 1., 1., 1.,
       1., 1., 1., 1., 1., 1., 1., 1., 1., 1., 1., 1., 1., 1., 1., 1., 1.,
       1., 1., 1., 1., 1., 1., 1., 1., 1., 1., 1., 1., 1., 1., 1., 1., 1.,
       1., 1., 1., 1., 1., 1., 1., 1., 1., 1., 1., 1., 1., 1., 1., 1., 1.,
       1., 1., 1., 1., 1., 1., 1., 1., 1., 1., 1., 1., 1., 1., 1., 1., 1.,
       1., 1., 1., 1., 1., 1., 1., 1., 1., 1., 1., 1., 1., 1., 1., 1., 1.,
       1., 1., 1., 1., 1., 1., 1., 1., 1., 1., 1., 1., 1., 1., 1., 1., 1.,
       1., 1., 1., 1., 1., 1., 1., 1., 1., 1., 1., 1., 1., 1., 1., 1., 1.,
       1., 1., 1., 1., 1., 1., 1., 1., 1., 1., 1., 1., 1., 1., 1., 1., 1.,
       1., 1., 1., 1., 1., 1., 1., 1., 1., 1., 1., 1., 1., 1., 1., 1., 1.,
       1., 1., 1., 1., 1., 1., 1., 1., 1., 1., 1., 1., 1., 1., 1., 1., 1.,
       1., 1., 1., 1., 1., 1., 1., 1., 1., 1., 1., 1., 1., 1., 1., 1., 1.,
       1., 1., 1., 1., 1., 1., 1., 1., 1., 1., 1., 1., 1., 1., 1., 1., 1.,
       1., 1., 1., 1., 1., 1., 1., 1., 1., 1., 1., 1., 1., 1., 1., 1., 1.,
       1., 1., 1., 1., 1., 1., 1., 1., 1., 1., 1., 1., 1., 1., 1., 1., 1.,
       1., 1., 1., 1., 1., 1., 1., 1., 1., 1., 1., 1., 1., 1., 1., 1., 1.,
       1., 1., 1., 1., 1., 1., 1., 1., 1., 1., 1., 1., 1., 1., 1., 1., 1.,
       1., 1., 1., 1., 1., 1., 1., 1., 1., 1., 1., 1., 1., 1., 1., 1., 1.,
       1., 1., 1., 1., 1., 1., 1., 1., 1., 1., 1., 1., 1., 1., 1., 1., 1.,
       1., 1., 1., 1., 1., 1., 1., 1., 1., 1., 1., 1., 1., 1., 1., 1., 1.,
       1., 1., 1., 1., 1., 1., 1., 1., 1., 1., 1., 1., 1., 1., 1., 1., 1.,
       1., 1., 1., 1., 1., 1., 1., 1., 1., 1., 1., 1., 1., 1., 1., 1., 1.,
       1., 1., 1., 1., 1., 1., 1., 1., 1., 1., 1., 1., 1., 1., 1., 1., 1.,
       1., 1., 1., 1., 1., 1., 1., 1., 1., 1., 1., 1.])

opt_result: None

