Fitting model using dynesty...

model fit after 157.17 seconds

run_params: {'outfile': '04.08.1240-dyn.h5', 'dynesty': True, 'emcee': False, 'optimization': True, 'nested_method': 'rwalk', 'nested_nlive': 100, 'nested_nlive_init': 100, 'nlive_init': 100, 'nested_nlive_batch': 50, 'nlive_batch': 50, 'nested_dlogz_init': 1000, 'nested_target_n_effective': 5, 'nested_neff': 5, 'nested_maxcall': 1000, 'nested_maxcall_init': 1000, 'nested_maxbatch': 0, 'verbose': 1, 'nwalkers': 32, 'niter': 100, 'showplots': False, 'fitnewmodel': True, 'readfile': None, 'minimize': False}

sampling_result:          niter: 353
         ncall: array([ 1,  1,  1,  1,  1,  1,  1,  1,  1,  1,  1,  1,  1,  1,  1,  1,  1,
        2,  1,  1,  1,  1,  1,  1,  1,  1,  1,  1,  1,  1,  1,  1,  1,  1,
        1,  1,  1,  1,  1,  1,  2,  1,  4,  2,  1,  1,  1,  1,  1,  1,  2,
        1,  1,  1,  1,  1,  3,  1,  1,  1,  1,  1,  1,  1,  1,  1,  1,  2,
        1,  4,  1,  1,  1,  1,  1,  1,  2,  1,  2,  2,  1,  2,  1,  1,  2,
        3,  2,  3,  1,  2,  6,  1,  1,  1,  2,  1,  3,  3,  2,  2,  3,  1,
        1,  2,  5,  1,  3,  7,  7,  2,  3,  1,  1,  2,  2,  1,  2,  5,  3,
        5,  3,  3,  2,  3,  3,  3,  3,  2,  5,  1,  6,  2,  2,  2,  5,  1,
        2,  1,  3,  5,  2,  5,  7, 13,  6,  2,  3,  1,  1,  1,  4, 14,  1,
        1,  5,  4,  3,  1,  3,  1,  3,  1,  4,  7,  7,  4,  4,  4,  3,  2,
        4,  3, 12,  2,  7,  2,  1,  1, 11,  3,  2, 25,  5, 10,  1, 15, 11,
        1,  5,  4,  5,  8,  6,  7,  2,  4,  3,  9, 13, 12,  5,  4,  6, 19,
        2,  2,  7,  4,  9, 12, 17,  2, 18,  6,  5,  7, 22, 27, 12, 11, 14,
        4,  6,  7,  6,  1,  1, 10,  7,  6, 24,  4,  6, 31,  8, 11,  1,  6,
        4,  2,  1, 11,  3, 10,  2,  1,  2,  2,  8, 11, 10, 11, 14,  1,  1,
        1,  1,  1,  1,  1,  1,  1,  1,  1,  1,  1,  1,  1,  1,  1,  1,  1,
        1,  1,  1,  1,  1,  1,  1,  1,  1,  1,  1,  1,  1,  1,  1,  1,  1,
        1,  1,  1,  1,  1,  1,  1,  1,  1,  1,  1,  1,  1,  1,  1,  1,  1,
        1,  1,  1,  1,  1,  1,  1,  1,  1,  1,  1,  1,  1,  1,  1,  1,  1,
        1,  1,  1,  1,  1,  1,  1,  1,  1,  1,  1,  1,  1,  1,  1,  1,  1,
        1,  1,  1,  1,  1,  1,  1,  1,  1,  1,  1,  1,  1])
           eff: 32.00362647325476
       samples: array([[ 8.79248574, -1.44842277,  0.039861  , ...,  1.02747438,
        -2.94119461,  0.88745646],
       [ 8.49940707, -1.17855039,  0.27302315, ...,  1.20657017,
        -3.24534522,  1.43612511],
       [ 8.25927156, -0.33752145,  0.41213763, ...,  1.34916874,
        -2.58990725,  1.08319668],
       ...,
       [ 8.81478022, -0.56823082,  0.03855034, ...,  1.26612576,
        -3.34379177,  1.25199165],
       [ 8.91011359, -1.71139757,  0.03834435, ...,  1.06290303,
        -1.63358571,  1.05593689],
       [ 8.76580127, -1.80905156,  0.038943  , ...,  0.59776311,
        -1.11576924,  0.75127763]], shape=(353, 15))
    samples_id: array([65, 10, 70, 70, 63, 18, 39, 89,  0,  1, 80, 87, 68, 23, 11, 99, 78,
       73, 87, 74, 42, 25, 85, 34, 64, 14, 12, 38,  3, 51, 83, 33, 97, 12,
       60,  8, 89, 84, 40, 77, 26, 70, 24,  1, 40, 13, 58,  1, 49, 37, 25,
       27, 22, 50, 39, 25, 18, 54, 98, 25,  1, 26, 67,  2, 20, 91, 83, 27,
       21, 49, 69, 21,  5, 84, 37, 39, 52, 29, 17, 13,  2, 12, 90,  6, 72,
       92, 47,  4, 35, 82, 16, 15, 85,  5, 20, 49, 76, 71, 76, 64,  2,  8,
       67, 91,  6, 69, 34, 12, 81, 55, 54, 12,  5, 27, 33, 36, 35, 14, 38,
       99, 74, 56, 16, 81, 56, 14, 79, 61, 23, 14, 41,  9, 96,  8, 97, 84,
       71, 38, 98, 42, 16,  8, 33, 14,  3, 95, 99, 97, 75, 11, 14, 19, 75,
       55, 92, 22, 97, 98, 73,  5, 34, 96, 95, 84, 77,  2,  7, 11,  2, 11,
       54, 65, 14, 99, 86, 24, 96,  4, 81, 35, 19, 45, 44,  8, 20,  6, 92,
       91, 48, 41, 82, 19,  1, 99, 63, 73, 47, 80, 17, 70, 31, 50,  5, 22,
       25, 26, 21, 85, 92, 42, 95, 84, 79, 26, 73, 73, 16, 40, 18, 92, 28,
       44, 67, 77, 19, 72, 13, 88, 84, 18, 99, 22, 12, 27, 82, 62, 49,  7,
       23, 14, 73, 28,  9, 30, 73, 20, 32, 16,  9, 15, 84, 80, 52, 46, 94,
        1, 36, 77, 65, 33,  3, 72, 97, 11, 51, 17, 39, 25, 43, 19, 63, 26,
       47, 15, 87, 64, 20,  5,  7, 80, 85, 83, 99, 10, 90, 69, 54,  9, 59,
       50, 18, 68, 61, 98, 35, 58,  4,  0, 30, 78, 31, 41, 76, 67, 38, 86,
       92, 52,  2, 88, 66,  8, 37, 55, 53, 81, 82, 60, 62, 89, 14, 79, 84,
       22, 16, 71, 93, 34, 28, 27, 75, 74, 57, 49, 13,  6, 29, 96, 48, 44,
       42, 91, 21, 56, 32, 73, 70, 40, 12, 23, 95, 24, 45])
 samples_batch: array([0, 0, 0, 0, 0, 0, 0, 0, 0, 0, 0, 0, 0, 0, 0, 0, 0, 0, 0, 0, 0, 0,
       0, 0, 0, 0, 0, 0, 0, 0, 0, 0, 0, 0, 0, 0, 0, 0, 0, 0, 0, 0, 0, 0,
       0, 0, 0, 0, 0, 0, 0, 0, 0, 0, 0, 0, 0, 0, 0, 0, 0, 0, 0, 0, 0, 0,
       0, 0, 0, 0, 0, 0, 0, 0, 0, 0, 0, 0, 0, 0, 0, 0, 0, 0, 0, 0, 0, 0,
       0, 0, 0, 0, 0, 0, 0, 0, 0, 0, 0, 0, 0, 0, 0, 0, 0, 0, 0, 0, 0, 0,
       0, 0, 0, 0, 0, 0, 0, 0, 0, 0, 0, 0, 0, 0, 0, 0, 0, 0, 0, 0, 0, 0,
       0, 0, 0, 0, 0, 0, 0, 0, 0, 0, 0, 0, 0, 0, 0, 0, 0, 0, 0, 0, 0, 0,
       0, 0, 0, 0, 0, 0, 0, 0, 0, 0, 0, 0, 0, 0, 0, 0, 0, 0, 0, 0, 0, 0,
       0, 0, 0, 0, 0, 0, 0, 0, 0, 0, 0, 0, 0, 0, 0, 0, 0, 0, 0, 0, 0, 0,
       0, 0, 0, 0, 0, 0, 0, 0, 0, 0, 0, 0, 0, 0, 0, 0, 0, 0, 0, 0, 0, 0,
       0, 0, 0, 0, 0, 0, 0, 0, 0, 0, 0, 0, 0, 0, 0, 0, 0, 0, 0, 0, 0, 0,
       0, 0, 0, 0, 0, 0, 0, 0, 0, 0, 0, 0, 0, 0, 0, 0, 0, 0, 0, 0, 0, 0,
       0, 0, 0, 0, 0, 0, 0, 0, 0, 0, 0, 0, 0, 0, 0, 0, 0, 0, 0, 0, 0, 0,
       0, 0, 0, 0, 0, 0, 0, 0, 0, 0, 0, 0, 0, 0, 0, 0, 0, 0, 0, 0, 0, 0,
       0, 0, 0, 0, 0, 0, 0, 0, 0, 0, 0, 0, 0, 0, 0, 0, 0, 0, 0, 0, 0, 0,
       0, 0, 0, 0, 0, 0, 0, 0, 0, 0, 0, 0, 0, 0, 0, 0, 0, 0, 0, 0, 0, 0,
       0])
    samples_it: array([  0,   0,   0,   3,   0,   0,   0,   0,   0,   0,   0,   0,   0,
         0,   0,   0,   0,   0,  12,   0,   0,   0,   0,   0,   0,   0,
         0,   0,   0,   0,   0,   0,   0,  27,   0,   0,   8,   0,   0,
         0,   0,   4,   0,  10,  39,   0,   0,  44,   0,   0,  22,   0,
         0,   0,   7,  51,   6,   0,   0,  56,  48,  41,   0,   0,   0,
         0,  31,  52,   0,  49,   0,  69,   0,  38,  50,  55,   0,   0,
         0,  46,  64,  34,   0,   0,   0,   0,   0,   0,   0,   0,   0,
         0,  23,  73,  65,  70,   0,   0,  97,  25,  81,  36,  63,  66,
        84,  71,  24,  82,   0,   0,  58, 108,  94,  68,  32,   0,  89,
        26,  28,  16,  20,   0,  91, 109, 122, 118,   0,   0,  14, 126,
         0,   0,   0, 102,  33,  74,  98, 119,  59,  21, 123, 134, 115,
       130,  29,   0, 120, 135,   0,  15, 144,   0, 149, 110,  86,  53,
       148, 139,  18, 113, 107, 133, 146, 136,  40, 101,   0, 150, 166,
       168, 111,   1, 151, 147,   0,  43, 162,  88, 124, 117, 152,   0,
         0, 142,  95, 105, 155, 104,   0, 131,  90, 181,  61, 174,   5,
       159,  87,  11,  79,  42,   0,  54, 160, 156,  60,  62,  72,  93,
       187, 140, 163, 164, 127, 206, 196, 215, 141,  45,  57, 209,   0,
       183, 103, 165, 192,  85,  80,   0, 212, 219, 194, 204, 112, 114,
       191,   0,  96, 167, 129, 173, 216, 221, 132,   0, 241, 185,   0,
       217, 243,  92, 229, 198,  77,   0,   0, 193, 116, 224, 172, 143,
       145, 226, 157, 170,  30, 199,  76, 205,   0, 225, 195, 214, 197,
       250,  19, 100, 246, 203, 238, 252, 208,  67, 231,   2,  83, 106,
       171, 249,   0, 202, 230,  13, 128, 158, 180,  47, 178,   9, 244,
        17, 201, 190,  99, 223, 138, 175, 220, 253, 169, 228,   0, 184,
        75, 154,   0, 179, 235,  35, 236,  37, 240, 213, 251, 232, 248,
       137,   0, 161, 242, 234, 153, 121,   0, 237, 227, 186,  78, 177,
       189, 222, 210, 188, 207, 125, 247, 245, 200, 218, 233, 239, 211,
       176, 182])
     samples_u: array([[0.79248574, 0.27578861, 0.02474848, ..., 0.53651597, 0.35293513,
        0.35365068],
       [0.49940707, 0.41072481, 0.17343784, ..., 0.75467071, 0.25155159,
        0.92735896],
       [0.25927156, 0.83123927, 0.26311643, ..., 0.87809133, 0.47003092,
        0.60932748],
       ...,
       [0.81478022, 0.71588459, 0.02393043, ..., 0.81275204, 0.21873608,
        0.79979527],
       [0.91011359, 0.14430121, 0.02380188, ..., 0.58311134, 0.78880476,
        0.57402005],
       [0.76580127, 0.09547422, 0.02417548, ..., 0.08964224, 0.96141025,
        0.20327649]], shape=(353, 15))
     samples_n: array([100, 100, 100, 100, 100, 100, 100, 100, 100, 100, 100, 100, 100,
       100, 100, 100, 100, 100, 100, 100, 100, 100, 100, 100, 100, 100,
       100, 100, 100, 100, 100, 100, 100, 100, 100, 100, 100, 100, 100,
       100, 100, 100, 100, 100, 100, 100, 100, 100, 100, 100, 100, 100,
       100, 100, 100, 100, 100, 100, 100, 100, 100, 100, 100, 100, 100,
       100, 100, 100, 100, 100, 100, 100, 100, 100, 100, 100, 100, 100,
       100, 100, 100, 100, 100, 100, 100, 100, 100, 100, 100, 100, 100,
       100, 100, 100, 100, 100, 100, 100, 100, 100, 100, 100, 100, 100,
       100, 100, 100, 100, 100, 100, 100, 100, 100, 100, 100, 100, 100,
       100, 100, 100, 100, 100, 100, 100, 100, 100, 100, 100, 100, 100,
       100, 100, 100, 100, 100, 100, 100, 100, 100, 100, 100, 100, 100,
       100, 100, 100, 100, 100, 100, 100, 100, 100, 100, 100, 100, 100,
       100, 100, 100, 100, 100, 100, 100, 100, 100, 100, 100, 100, 100,
       100, 100, 100, 100, 100, 100, 100, 100, 100, 100, 100, 100, 100,
       100, 100, 100, 100, 100, 100, 100, 100, 100, 100, 100, 100, 100,
       100, 100, 100, 100, 100, 100, 100, 100, 100, 100, 100, 100, 100,
       100, 100, 100, 100, 100, 100, 100, 100, 100, 100, 100, 100, 100,
       100, 100, 100, 100, 100, 100, 100, 100, 100, 100, 100, 100, 100,
       100, 100, 100, 100, 100, 100, 100, 100, 100, 100, 100, 100, 100,
       100, 100, 100, 100, 100, 100, 100,  99,  98,  97,  96,  95,  94,
        93,  92,  91,  90,  89,  88,  87,  86,  85,  84,  83,  82,  81,
        80,  79,  78,  77,  76,  75,  74,  73,  72,  71,  70,  69,  68,
        67,  66,  65,  64,  63,  62,  61,  60,  59,  58,  57,  56,  55,
        54,  53,  52,  51,  50,  49,  48,  47,  46,  45,  44,  43,  42,
        41,  40,  39,  38,  37,  36,  35,  34,  33,  32,  31,  30,  29,
        28,  27,  26,  25,  24,  23,  22,  21,  20,  19,  18,  17,  16,
        15,  14,  13,  12,  11,  10,   9,   8,   7,   6,   5,   4,   3,
         2,   1])
         logwt: array([-3.91668653e+15, -1.12090134e+15, -3.15145401e+14, -4.15865049e+13,
       -1.11507379e+13, -7.35749432e+12, -5.28213051e+12, -4.83126847e+12,
       -3.71175314e+12, -3.45991929e+12, -3.42546769e+12, -2.85420839e+12,
       -2.71256636e+12, -1.84590089e+12, -1.37875238e+12, -1.29842931e+12,
       -1.05295104e+12, -7.66434513e+11, -7.30777344e+11, -6.99182373e+11,
       -6.03334052e+11, -5.61264732e+11, -5.10095692e+11, -5.04875501e+11,
       -4.56687257e+11, -3.70920417e+11, -3.70888155e+11, -3.65677403e+11,
       -2.78662786e+11, -1.93663571e+11, -1.92178323e+11, -1.67864946e+11,
       -1.54830394e+11, -6.98623000e+10, -5.69310901e+10, -5.49439414e+10,
       -5.26144001e+10, -4.62525613e+10, -4.17435068e+10, -3.41544395e+10,
       -3.09028519e+10, -2.18100555e+10, -1.94177030e+10, -1.92956707e+10,
       -1.85778728e+10, -1.41985679e+10, -1.40312249e+10, -1.11191080e+10,
       -1.01052224e+10, -9.44205492e+09, -8.96467390e+09, -7.07447397e+09,
       -4.85980334e+09, -3.17447674e+09, -2.94759572e+09, -2.29470038e+09,
       -1.78887411e+09, -1.58132024e+09, -1.51162582e+09, -1.36793453e+09,
       -1.12091524e+09, -1.04590847e+09, -9.39250280e+08, -9.36758556e+08,
       -7.99201151e+08, -7.68188011e+08, -7.09932168e+08, -6.52379252e+08,
       -6.26225713e+08, -6.19043912e+08, -5.82978507e+08, -2.83101616e+08,
       -2.72519207e+08, -2.35264825e+08, -1.74299223e+08, -1.68829917e+08,
       -1.51988249e+08, -1.50591697e+08, -1.17369726e+08, -8.55019418e+07,
       -7.32352815e+07, -5.00829479e+07, -3.79329979e+07, -3.30330487e+07,
       -2.85930321e+07, -2.12579249e+07, -1.70295379e+07, -1.65837432e+07,
       -1.35448096e+07, -1.34238840e+07, -1.16538856e+07, -1.13920065e+07,
       -1.08326104e+07, -7.72905960e+06, -4.90726892e+06, -4.48459844e+06,
       -2.52486332e+06, -2.50504417e+06, -2.44941521e+06, -1.58735749e+06,
       -1.58545245e+06, -1.55481096e+06, -1.26036715e+06, -1.19005126e+06,
       -1.14045030e+06, -1.00338356e+06, -7.77656493e+05, -7.52812639e+05,
       -7.13668391e+05, -6.39567810e+05, -6.08845295e+05, -5.97333390e+05,
       -5.84087081e+05, -5.03761439e+05, -4.28305464e+05, -4.15777764e+05,
       -3.81188961e+05, -3.49113109e+05, -3.32047490e+05, -2.97489990e+05,
       -2.57897884e+05, -2.52031058e+05, -2.38459868e+05, -2.09378953e+05,
       -1.44259375e+05, -1.33355943e+05, -1.27513097e+05, -1.12733685e+05,
       -1.08904906e+05, -8.53074085e+04, -8.52065728e+04, -8.51118960e+04,
       -8.49604167e+04, -8.48184281e+04, -8.47340340e+04, -8.46904345e+04,
       -8.44928847e+04, -8.44843886e+04, -8.44500891e+04, -8.38203486e+04,
       -8.37105234e+04, -8.33785528e+04, -8.33395192e+04, -8.28352396e+04,
       -8.25987085e+04, -8.22295218e+04, -8.21098748e+04, -8.20609881e+04,
       -8.17695394e+04, -8.13784950e+04, -8.12277412e+04, -8.09011204e+04,
       -8.08692847e+04, -8.01217888e+04, -8.00677318e+04, -8.00335694e+04,
       -8.00105246e+04, -7.96503041e+04, -7.95760678e+04, -7.90360789e+04,
       -7.85102646e+04, -7.77507595e+04, -7.76010620e+04, -7.75987140e+04,
       -7.73813181e+04, -7.69175695e+04, -7.56805956e+04, -7.56595425e+04,
       -7.52022260e+04, -7.46589022e+04, -7.45962706e+04, -7.44933217e+04,
       -7.44000696e+04, -7.35221814e+04, -7.34297555e+04, -7.34109086e+04,
       -7.33737514e+04, -7.33371459e+04, -7.27589689e+04, -7.22707729e+04,
       -7.21382987e+04, -7.18633546e+04, -7.11231213e+04, -7.10272047e+04,
       -7.07710616e+04, -7.06528579e+04, -6.97245716e+04, -6.95980345e+04,
       -6.78782155e+04, -6.76367703e+04, -6.64906896e+04, -6.64474449e+04,
       -6.58285959e+04, -6.58264134e+04, -6.53859757e+04, -6.49282056e+04,
       -6.37737628e+04, -6.37623543e+04, -6.33353757e+04, -6.32721335e+04,
       -6.31102715e+04, -6.30240628e+04, -6.24358124e+04, -6.21277470e+04,
       -6.18624354e+04, -6.13626526e+04, -6.11905115e+04, -6.10572436e+04,
       -6.10142475e+04, -6.07608141e+04, -6.03071519e+04, -6.02600409e+04,
       -6.01617497e+04, -6.00983063e+04, -5.99593325e+04, -5.97911962e+04,
       -5.92402355e+04, -5.78468745e+04, -5.77872831e+04, -5.74814481e+04,
       -5.74751129e+04, -5.74631497e+04, -5.70083334e+04, -5.66415586e+04,
       -5.65043831e+04, -5.53267548e+04, -5.51660336e+04, -5.51279491e+04,
       -5.51036539e+04, -5.45301148e+04, -5.39952522e+04, -5.34847835e+04,
       -5.31376163e+04, -5.30948841e+04, -5.30382761e+04, -5.29426517e+04,
       -5.19990863e+04, -5.11486098e+04, -5.08915498e+04, -5.08447491e+04,
       -5.04591014e+04, -5.04048935e+04, -5.03716698e+04, -5.02008430e+04,
       -5.01191054e+04, -4.99630351e+04, -4.98446364e+04, -4.97604019e+04,
       -4.97268495e+04, -4.96454455e+04, -4.92642230e+04, -4.91641620e+04,
       -4.91066135e+04, -4.90872896e+04, -4.90135438e+04, -4.86105858e+04,
       -4.85888163e+04, -4.83055795e+04, -4.82870923e+04, -4.81531309e+04,
       -4.78689697e+04, -4.78655073e+04, -4.72295535e+04, -4.69101575e+04,
       -4.65301264e+04, -4.64064164e+04, -4.58871999e+04, -4.57116791e+04,
       -4.52051342e+04, -4.51106582e+04, -4.50702026e+04, -4.48310231e+04,
       -4.46202155e+04, -4.43916475e+04, -4.41515879e+04, -4.40128872e+04,
       -4.38152841e+04, -4.36484806e+04, -4.34648962e+04, -4.30439188e+04,
       -4.30404286e+04, -4.16067285e+04, -4.14892844e+04, -4.13969789e+04,
       -4.12882062e+04, -4.12597741e+04, -4.05282109e+04, -3.98581637e+04,
       -3.96146112e+04, -3.84336202e+04, -3.83203708e+04, -3.80565296e+04,
       -3.78868113e+04, -3.73619857e+04, -3.72124799e+04, -3.64085004e+04,
       -3.63107744e+04, -3.59631381e+04, -3.56339406e+04, -3.49349333e+04,
       -3.46961731e+04, -3.37792593e+04, -3.35707356e+04, -3.35042808e+04,
       -3.30777277e+04, -3.29857813e+04, -3.24690881e+04, -3.21725966e+04,
       -3.20924791e+04, -3.19553884e+04, -3.17032732e+04, -3.16635085e+04,
       -3.14713919e+04, -3.09696251e+04, -3.08504194e+04, -3.06924510e+04,
       -3.06479708e+04, -3.02498819e+04, -2.99883645e+04, -2.98656865e+04,
       -2.97474298e+04, -2.94505380e+04, -2.81461975e+04, -2.76301128e+04,
       -2.76211930e+04, -2.72753463e+04, -2.68746884e+04, -2.67975935e+04,
       -2.65073421e+04, -2.60372181e+04, -2.56863134e+04, -2.48645054e+04,
       -2.48490994e+04, -2.38402907e+04, -2.25399089e+04, -2.25050122e+04,
       -2.21744986e+04, -2.15334377e+04, -2.10919328e+04, -2.08067886e+04,
       -2.03487457e+04, -2.02903190e+04, -2.00246586e+04, -1.57081851e+04,
       -1.54964123e+04, -1.38205991e+04, -1.35189739e+04, -1.34440516e+04,
       -1.26062682e+04, -1.15145100e+04, -4.00172678e+03, -2.94378373e+03,
       -2.11466002e+03])
          logl: array([-3.91668653e+15, -1.12090134e+15, -3.15145401e+14, -4.15865049e+13,
       -1.11507379e+13, -7.35749432e+12, -5.28213051e+12, -4.83126847e+12,
       -3.71175314e+12, -3.45991929e+12, -3.42546769e+12, -2.85420839e+12,
       -2.71256636e+12, -1.84590089e+12, -1.37875238e+12, -1.29842931e+12,
       -1.05295104e+12, -7.66434513e+11, -7.30777344e+11, -6.99182373e+11,
       -6.03334052e+11, -5.61264732e+11, -5.10095692e+11, -5.04875501e+11,
       -4.56687257e+11, -3.70920417e+11, -3.70888155e+11, -3.65677403e+11,
       -2.78662786e+11, -1.93663571e+11, -1.92178323e+11, -1.67864946e+11,
       -1.54830394e+11, -6.98623000e+10, -5.69310901e+10, -5.49439414e+10,
       -5.26144001e+10, -4.62525613e+10, -4.17435068e+10, -3.41544395e+10,
       -3.09028519e+10, -2.18100555e+10, -1.94177030e+10, -1.92956707e+10,
       -1.85778728e+10, -1.41985679e+10, -1.40312249e+10, -1.11191080e+10,
       -1.01052224e+10, -9.44205491e+09, -8.96467390e+09, -7.07447397e+09,
       -4.85980334e+09, -3.17447673e+09, -2.94759572e+09, -2.29470037e+09,
       -1.78887411e+09, -1.58132023e+09, -1.51162582e+09, -1.36793453e+09,
       -1.12091523e+09, -1.04590847e+09, -9.39250274e+08, -9.36758550e+08,
       -7.99201145e+08, -7.68188005e+08, -7.09932162e+08, -6.52379246e+08,
       -6.26225708e+08, -6.19043906e+08, -5.82978501e+08, -2.83101610e+08,
       -2.72519201e+08, -2.35264819e+08, -1.74299217e+08, -1.68829911e+08,
       -1.51988243e+08, -1.50591690e+08, -1.17369720e+08, -8.55019357e+07,
       -7.32352754e+07, -5.00829418e+07, -3.79329918e+07, -3.30330425e+07,
       -2.85930260e+07, -2.12579187e+07, -1.70295318e+07, -1.65837371e+07,
       -1.35448034e+07, -1.34238778e+07, -1.16538794e+07, -1.13920003e+07,
       -1.08326041e+07, -7.72905336e+06, -4.90726267e+06, -4.48459219e+06,
       -2.52485705e+06, -2.50503789e+06, -2.44940892e+06, -1.58735120e+06,
       -1.58544614e+06, -1.55480465e+06, -1.26036082e+06, -1.19004493e+06,
       -1.14044396e+06, -1.00337721e+06, -7.77650130e+05, -7.52806266e+05,
       -7.13662008e+05, -6.39561417e+05, -6.08838893e+05, -5.97326977e+05,
       -5.84080658e+05, -5.03755006e+05, -4.28299022e+05, -4.15771312e+05,
       -3.81182498e+05, -3.49106636e+05, -3.32041008e+05, -2.97483497e+05,
       -2.57891382e+05, -2.52024546e+05, -2.38453346e+05, -2.09372421e+05,
       -1.44252833e+05, -1.33349391e+05, -1.27506535e+05, -1.12727113e+05,
       -1.08898324e+05, -8.53008167e+04, -8.51999710e+04, -8.51052842e+04,
       -8.49537950e+04, -8.48117964e+04, -8.47273924e+04, -8.46837829e+04,
       -8.44862232e+04, -8.44777174e+04, -8.44434076e+04, -8.38136572e+04,
       -8.37038221e+04, -8.33718415e+04, -8.33327980e+04, -8.28285084e+04,
       -8.25919674e+04, -8.22227707e+04, -8.21031138e+04, -8.20542172e+04,
       -8.17627585e+04, -8.13717041e+04, -8.12209404e+04, -8.08943097e+04,
       -8.08624640e+04, -8.01149581e+04, -8.00608912e+04, -8.00267189e+04,
       -8.00036641e+04, -7.96434336e+04, -7.95691874e+04, -7.90291885e+04,
       -7.85033643e+04, -7.77438492e+04, -7.75941418e+04, -7.75918832e+04,
       -7.73743780e+04, -7.69106194e+04, -7.56736356e+04, -7.56525725e+04,
       -7.51952460e+04, -7.46519123e+04, -7.45892708e+04, -7.44863119e+04,
       -7.43930499e+04, -7.35151517e+04, -7.34227159e+04, -7.34038590e+04,
       -7.33666919e+04, -7.33300764e+04, -7.27518895e+04, -7.22636835e+04,
       -7.21311994e+04, -7.18562453e+04, -7.11160021e+04, -7.10200755e+04,
       -7.07639225e+04, -7.06457088e+04, -6.97174126e+04, -6.95908655e+04,
       -6.78710366e+04, -6.76295814e+04, -6.64834908e+04, -6.64402361e+04,
       -6.58213772e+04, -6.58193031e+04, -6.53787370e+04, -6.49209571e+04,
       -6.37665043e+04, -6.37550858e+04, -6.33280973e+04, -6.32648451e+04,
       -6.31029732e+04, -6.30167545e+04, -6.24284942e+04, -6.21204188e+04,
       -6.18550972e+04, -6.13553045e+04, -6.11831535e+04, -6.10498757e+04,
       -6.10068696e+04, -6.07534262e+04, -6.02997540e+04, -6.02526331e+04,
       -6.01543319e+04, -6.00908786e+04, -5.99518948e+04, -5.97837486e+04,
       -5.92327779e+04, -5.78394070e+04, -5.77798057e+04, -5.74739607e+04,
       -5.74676173e+04, -5.74556424e+04, -5.70008162e+04, -5.66340314e+04,
       -5.64968460e+04, -5.53192078e+04, -5.51584765e+04, -5.51203821e+04,
       -5.50960770e+04, -5.45225279e+04, -5.39876554e+04, -5.34771767e+04,
       -5.31299995e+04, -5.30872574e+04, -5.30306395e+04, -5.29350051e+04,
       -5.19914298e+04, -5.11409433e+04, -5.08838733e+04, -5.08370627e+04,
       -5.04514051e+04, -5.03971872e+04, -5.03639535e+04, -5.01931168e+04,
       -5.01113693e+04, -4.99552890e+04, -4.98368803e+04, -4.97526359e+04,
       -4.97190736e+04, -4.96376596e+04, -4.92564271e+04, -4.91563562e+04,
       -4.90987978e+04, -4.90794639e+04, -4.90057181e+04, -4.86027601e+04,
       -4.85809906e+04, -4.82977538e+04, -4.82792665e+04, -4.81453052e+04,
       -4.78611440e+04, -4.78577135e+04, -4.72217278e+04, -4.69023318e+04,
       -4.65223007e+04, -4.63985907e+04, -4.58793742e+04, -4.57038534e+04,
       -4.51973085e+04, -4.51028325e+04, -4.50623769e+04, -4.48231974e+04,
       -4.46123898e+04, -4.43838218e+04, -4.41437622e+04, -4.40050615e+04,
       -4.38074584e+04, -4.36406549e+04, -4.34570705e+04, -4.30360931e+04,
       -4.30326339e+04, -4.15989028e+04, -4.14814587e+04, -4.13891532e+04,
       -4.12803805e+04, -4.12519484e+04, -4.05203852e+04, -3.98503380e+04,
       -3.96067855e+04, -3.84257945e+04, -3.83125451e+04, -3.80487039e+04,
       -3.78789856e+04, -3.73541600e+04, -3.72046542e+04, -3.64006747e+04,
       -3.63029487e+04, -3.59553124e+04, -3.56261149e+04, -3.49271076e+04,
       -3.46883474e+04, -3.37714336e+04, -3.35629099e+04, -3.34964551e+04,
       -3.30699020e+04, -3.29779556e+04, -3.24612624e+04, -3.21647709e+04,
       -3.20846534e+04, -3.19475627e+04, -3.16954475e+04, -3.16556828e+04,
       -3.14635662e+04, -3.09617994e+04, -3.08425937e+04, -3.06846253e+04,
       -3.06401451e+04, -3.02420562e+04, -2.99805388e+04, -2.98578608e+04,
       -2.97396041e+04, -2.94427123e+04, -2.81383718e+04, -2.76222871e+04,
       -2.76133675e+04, -2.72675206e+04, -2.68668627e+04, -2.67897678e+04,
       -2.64995164e+04, -2.60293924e+04, -2.56784877e+04, -2.48566797e+04,
       -2.48412737e+04, -2.38324650e+04, -2.25320832e+04, -2.24971865e+04,
       -2.21666729e+04, -2.15256120e+04, -2.10841071e+04, -2.07989629e+04,
       -2.03409200e+04, -2.02824933e+04, -2.00168329e+04, -1.57003594e+04,
       -1.54885866e+04, -1.38127734e+04, -1.35111482e+04, -1.34362259e+04,
       -1.25984425e+04, -1.15066843e+04, -3.99390108e+03, -2.93595803e+03,
       -2.10683432e+03])
        logvol: array([-0.00995033, -0.01990066, -0.02985099, -0.03980132, -0.04975165,
       -0.05970199, -0.06965232, -0.07960265, -0.08955298, -0.09950331,
       -0.10945364, -0.11940397, -0.1293543 , -0.13930463, -0.14925496,
       -0.15920529, -0.16915562, -0.17910596, -0.18905629, -0.19900662,
       -0.20895695, -0.21890728, -0.22885761, -0.23880794, -0.24875827,
       -0.2587086 , -0.26865893, -0.27860926, -0.28855959, -0.29850993,
       -0.30846026, -0.31841059, -0.32836092, -0.33831125, -0.34826158,
       -0.35821191, -0.36816224, -0.37811257, -0.3880629 , -0.39801323,
       -0.40796356, -0.4179139 , -0.42786423, -0.43781456, -0.44776489,
       -0.45771522, -0.46766555, -0.47761588, -0.48756621, -0.49751654,
       -0.50746687, -0.5174172 , -0.52736754, -0.53731787, -0.5472682 ,
       -0.55721853, -0.56716886, -0.57711919, -0.58706952, -0.59701985,
       -0.60697018, -0.61692051, -0.62687084, -0.63682117, -0.64677151,
       -0.65672184, -0.66667217, -0.6766225 , -0.68657283, -0.69652316,
       -0.70647349, -0.71642382, -0.72637415, -0.73632448, -0.74627481,
       -0.75622514, -0.76617548, -0.77612581, -0.78607614, -0.79602647,
       -0.8059768 , -0.81592713, -0.82587746, -0.83582779, -0.84577812,
       -0.85572845, -0.86567878, -0.87562912, -0.88557945, -0.89552978,
       -0.90548011, -0.91543044, -0.92538077, -0.9353311 , -0.94528143,
       -0.95523176, -0.96518209, -0.97513242, -0.98508275, -0.99503309,
       -1.00498342, -1.01493375, -1.02488408, -1.03483441, -1.04478474,
       -1.05473507, -1.0646854 , -1.07463573, -1.08458606, -1.09453639,
       -1.10448672, -1.11443706, -1.12438739, -1.13433772, -1.14428805,
       -1.15423838, -1.16418871, -1.17413904, -1.18408937, -1.1940397 ,
       -1.20399003, -1.21394036, -1.22389069, -1.23384103, -1.24379136,
       -1.25374169, -1.26369202, -1.27364235, -1.28359268, -1.29354301,
       -1.30349334, -1.31344367, -1.323394  , -1.33334433, -1.34329467,
       -1.353245  , -1.36319533, -1.37314566, -1.38309599, -1.39304632,
       -1.40299665, -1.41294698, -1.42289731, -1.43284764, -1.44279797,
       -1.4527483 , -1.46269864, -1.47264897, -1.4825993 , -1.49254963,
       -1.50249996, -1.51245029, -1.52240062, -1.53235095, -1.54230128,
       -1.55225161, -1.56220194, -1.57215227, -1.58210261, -1.59205294,
       -1.60200327, -1.6119536 , -1.62190393, -1.63185426, -1.64180459,
       -1.65175492, -1.66170525, -1.67165558, -1.68160591, -1.69155625,
       -1.70150658, -1.71145691, -1.72140724, -1.73135757, -1.7413079 ,
       -1.75125823, -1.76120856, -1.77115889, -1.78110922, -1.79105955,
       -1.80100988, -1.81096022, -1.82091055, -1.83086088, -1.84081121,
       -1.85076154, -1.86071187, -1.8706622 , -1.88061253, -1.89056286,
       -1.90051319, -1.91046352, -1.92041385, -1.93036419, -1.94031452,
       -1.95026485, -1.96021518, -1.97016551, -1.98011584, -1.99006617,
       -2.0000165 , -2.00996683, -2.01991716, -2.02986749, -2.03981782,
       -2.04976816, -2.05971849, -2.06966882, -2.07961915, -2.08956948,
       -2.09951981, -2.10947014, -2.11942047, -2.1293708 , -2.13932113,
       -2.14927146, -2.1592218 , -2.16917213, -2.17912246, -2.18907279,
       -2.19902312, -2.20897345, -2.21892378, -2.22887411, -2.23882444,
       -2.24877477, -2.2587251 , -2.26867543, -2.27862577, -2.2885761 ,
       -2.29852643, -2.30847676, -2.31842709, -2.32837742, -2.33832775,
       -2.34827808, -2.35822841, -2.36817874, -2.37812907, -2.3880794 ,
       -2.39802974, -2.40798007, -2.4179304 , -2.42788073, -2.43783106,
       -2.44778139, -2.45773172, -2.46768205, -2.47763238, -2.48758271,
       -2.49753304, -2.50748337, -2.51743371, -2.52738404, -2.53743437,
       -2.54758674, -2.55784324, -2.56820603, -2.57867733, -2.58925944,
       -2.59995473, -2.61076565, -2.62169472, -2.63274455, -2.64391785,
       -2.65521741, -2.6666461 , -2.67820693, -2.68990297, -2.70173742,
       -2.71371361, -2.72583498, -2.73810507, -2.75052759, -2.76310637,
       -2.7758454 , -2.7887488 , -2.80182088, -2.81506611, -2.82848913,
       -2.84209478, -2.8558881 , -2.86987435, -2.88405898, -2.89844772,
       -2.91304652, -2.9278616 , -2.94289948, -2.95816695, -2.97367114,
       -2.9894195 , -3.00541984, -3.02168036, -3.03820966, -3.05501678,
       -3.07211121, -3.08950295, -3.10720253, -3.12522104, -3.14357018,
       -3.16226231, -3.1813105 , -3.20072859, -3.22053122, -3.24073392,
       -3.26135321, -3.28240662, -3.30391283, -3.32589173, -3.34836459,
       -3.37135411, -3.3948846 , -3.41898216, -3.44367477, -3.46899258,
       -3.49496806, -3.52163631, -3.54903528, -3.57720616, -3.6061937 ,
       -3.63604666, -3.66681832, -3.69856702, -3.73135684, -3.76525839,
       -3.80034971, -3.83671736, -3.87445768, -3.9136784 , -3.95450039,
       -3.99706001, -4.04151177, -4.08803178, -4.13682195, -4.18811524,
       -4.24218246, -4.29934088, -4.3599655 , -4.42450402, -4.49349689,
       -4.56760487, -4.64764757, -4.73465895, -4.82996913, -4.93532965,
       -5.05311268, -5.18664407, -5.34079475, -5.52311631, -5.74625986,
       -6.03394193, -6.43940704, -7.13255422])
          logz: array([-3.91668653e+15, -1.12090134e+15, -3.15145401e+14, -4.15865049e+13,
       -1.11507379e+13, -7.35749432e+12, -5.28213051e+12, -4.83126847e+12,
       -3.71175314e+12, -3.45991929e+12, -3.42546769e+12, -2.85420839e+12,
       -2.71256636e+12, -1.84590089e+12, -1.37875238e+12, -1.29842931e+12,
       -1.05295104e+12, -7.66434513e+11, -7.30777344e+11, -6.99182373e+11,
       -6.03334052e+11, -5.61264732e+11, -5.10095692e+11, -5.04875501e+11,
       -4.56687257e+11, -3.70920417e+11, -3.70888155e+11, -3.65677403e+11,
       -2.78662786e+11, -1.93663571e+11, -1.92178323e+11, -1.67864946e+11,
       -1.54830394e+11, -6.98623000e+10, -5.69310901e+10, -5.49439414e+10,
       -5.26144001e+10, -4.62525613e+10, -4.17435068e+10, -3.41544395e+10,
       -3.09028519e+10, -2.18100555e+10, -1.94177030e+10, -1.92956707e+10,
       -1.85778728e+10, -1.41985679e+10, -1.40312249e+10, -1.11191080e+10,
       -1.01052224e+10, -9.44205492e+09, -8.96467390e+09, -7.07447397e+09,
       -4.85980334e+09, -3.17447674e+09, -2.94759572e+09, -2.29470038e+09,
       -1.78887411e+09, -1.58132024e+09, -1.51162582e+09, -1.36793453e+09,
       -1.12091524e+09, -1.04590847e+09, -9.39250280e+08, -9.36758556e+08,
       -7.99201151e+08, -7.68188011e+08, -7.09932168e+08, -6.52379252e+08,
       -6.26225713e+08, -6.19043912e+08, -5.82978507e+08, -2.83101616e+08,
       -2.72519207e+08, -2.35264825e+08, -1.74299223e+08, -1.68829917e+08,
       -1.51988249e+08, -1.50591697e+08, -1.17369726e+08, -8.55019418e+07,
       -7.32352815e+07, -5.00829479e+07, -3.79329979e+07, -3.30330487e+07,
       -2.85930321e+07, -2.12579249e+07, -1.70295379e+07, -1.65837432e+07,
       -1.35448096e+07, -1.34238840e+07, -1.16538856e+07, -1.13920065e+07,
       -1.08326104e+07, -7.72905960e+06, -4.90726892e+06, -4.48459844e+06,
       -2.52486332e+06, -2.50504417e+06, -2.44941521e+06, -1.58735749e+06,
       -1.58545245e+06, -1.55481096e+06, -1.26036715e+06, -1.19005126e+06,
       -1.14045030e+06, -1.00338356e+06, -7.77656493e+05, -7.52812639e+05,
       -7.13668391e+05, -6.39567810e+05, -6.08845295e+05, -5.97333390e+05,
       -5.84087081e+05, -5.03761439e+05, -4.28305464e+05, -4.15777764e+05,
       -3.81188961e+05, -3.49113109e+05, -3.32047490e+05, -2.97489990e+05,
       -2.57897884e+05, -2.52031058e+05, -2.38459868e+05, -2.09378953e+05,
       -1.44259375e+05, -1.33355943e+05, -1.27513097e+05, -1.12733685e+05,
       -1.08904906e+05, -8.53074085e+04, -8.52065728e+04, -8.51118960e+04,
       -8.49604167e+04, -8.48184281e+04, -8.47340340e+04, -8.46904345e+04,
       -8.44928847e+04, -8.44843884e+04, -8.44500891e+04, -8.38203486e+04,
       -8.37105234e+04, -8.33785528e+04, -8.33395192e+04, -8.28352396e+04,
       -8.25987085e+04, -8.22295218e+04, -8.21098748e+04, -8.20609881e+04,
       -8.17695394e+04, -8.13784950e+04, -8.12277412e+04, -8.09011204e+04,
       -8.08692847e+04, -8.01217888e+04, -8.00677318e+04, -8.00335694e+04,
       -8.00105246e+04, -7.96503041e+04, -7.95760678e+04, -7.90360789e+04,
       -7.85102646e+04, -7.77507595e+04, -7.76010620e+04, -7.75986227e+04,
       -7.73813181e+04, -7.69175695e+04, -7.56805956e+04, -7.56595425e+04,
       -7.52022260e+04, -7.46589022e+04, -7.45962706e+04, -7.44933217e+04,
       -7.44000696e+04, -7.35221814e+04, -7.34297555e+04, -7.34109086e+04,
       -7.33737514e+04, -7.33371459e+04, -7.27589689e+04, -7.22707729e+04,
       -7.21382987e+04, -7.18633546e+04, -7.11231213e+04, -7.10272047e+04,
       -7.07710616e+04, -7.06528579e+04, -6.97245716e+04, -6.95980345e+04,
       -6.78782155e+04, -6.76367703e+04, -6.64906896e+04, -6.64474449e+04,
       -6.58285959e+04, -6.58263065e+04, -6.53859757e+04, -6.49282056e+04,
       -6.37737628e+04, -6.37623543e+04, -6.33353757e+04, -6.32721335e+04,
       -6.31102715e+04, -6.30240628e+04, -6.24358124e+04, -6.21277470e+04,
       -6.18624354e+04, -6.13626526e+04, -6.11905115e+04, -6.10572436e+04,
       -6.10142475e+04, -6.07608141e+04, -6.03071519e+04, -6.02600409e+04,
       -6.01617497e+04, -6.00983063e+04, -5.99593325e+04, -5.97911962e+04,
       -5.92402355e+04, -5.78468745e+04, -5.77872831e+04, -5.74814481e+04,
       -5.74751111e+04, -5.74631497e+04, -5.70083334e+04, -5.66415586e+04,
       -5.65043831e+04, -5.53267548e+04, -5.51660336e+04, -5.51279491e+04,
       -5.51036539e+04, -5.45301148e+04, -5.39952522e+04, -5.34847835e+04,
       -5.31376163e+04, -5.30948841e+04, -5.30382761e+04, -5.29426517e+04,
       -5.19990863e+04, -5.11486098e+04, -5.08915498e+04, -5.08447491e+04,
       -5.04591014e+04, -5.04048935e+04, -5.03716698e+04, -5.02008430e+04,
       -5.01191054e+04, -4.99630351e+04, -4.98446364e+04, -4.97604019e+04,
       -4.97268495e+04, -4.96454455e+04, -4.92642230e+04, -4.91641620e+04,
       -4.91066135e+04, -4.90872896e+04, -4.90135438e+04, -4.86105858e+04,
       -4.85888163e+04, -4.83055795e+04, -4.82870923e+04, -4.81531309e+04,
       -4.78689697e+04, -4.78654765e+04, -4.72295535e+04, -4.69101575e+04,
       -4.65301264e+04, -4.64064164e+04, -4.58871999e+04, -4.57116791e+04,
       -4.52051342e+04, -4.51106582e+04, -4.50702026e+04, -4.48310231e+04,
       -4.46202155e+04, -4.43916475e+04, -4.41515879e+04, -4.40128872e+04,
       -4.38152841e+04, -4.36484806e+04, -4.34648962e+04, -4.30439188e+04,
       -4.30403986e+04, -4.16067285e+04, -4.14892844e+04, -4.13969789e+04,
       -4.12882062e+04, -4.12597741e+04, -4.05282109e+04, -3.98581637e+04,
       -3.96146112e+04, -3.84336202e+04, -3.83203708e+04, -3.80565296e+04,
       -3.78868113e+04, -3.73619857e+04, -3.72124799e+04, -3.64085004e+04,
       -3.63107744e+04, -3.59631381e+04, -3.56339406e+04, -3.49349333e+04,
       -3.46961731e+04, -3.37792593e+04, -3.35707356e+04, -3.35042808e+04,
       -3.30777277e+04, -3.29857813e+04, -3.24690881e+04, -3.21725966e+04,
       -3.20924791e+04, -3.19553884e+04, -3.17032732e+04, -3.16635085e+04,
       -3.14713919e+04, -3.09696251e+04, -3.08504194e+04, -3.06924510e+04,
       -3.06479708e+04, -3.02498819e+04, -2.99883645e+04, -2.98656865e+04,
       -2.97474298e+04, -2.94505380e+04, -2.81461975e+04, -2.76301128e+04,
       -2.76211929e+04, -2.72753463e+04, -2.68746884e+04, -2.67975935e+04,
       -2.65073421e+04, -2.60372181e+04, -2.56863134e+04, -2.48645054e+04,
       -2.48490994e+04, -2.38402907e+04, -2.25399089e+04, -2.25050122e+04,
       -2.21744986e+04, -2.15334377e+04, -2.10919328e+04, -2.08067886e+04,
       -2.03487457e+04, -2.02903190e+04, -2.00246586e+04, -1.57081851e+04,
       -1.54964123e+04, -1.38205991e+04, -1.35189739e+04, -1.34440516e+04,
       -1.26062682e+04, -1.15145100e+04, -4.00172678e+03, -2.94378373e+03,
       -2.11466002e+03])
   batch_nlive: array([100])
  batch_bounds: array([[-inf,  inf]])
          blob: array([None, None, None, None, None, None, None, None, None, None, None,
       None, None, None, None, None, None, None, None, None, None, None,
       None, None, None, None, None, None, None, None, None, None, None,
       None, None, None, None, None, None, None, None, None, None, None,
       None, None, None, None, None, None, None, None, None, None, None,
       None, None, None, None, None, None, None, None, None, None, None,
       None, None, None, None, None, None, None, None, None, None, None,
       None, None, None, None, None, None, None, None, None, None, None,
       None, None, None, None, None, None, None, None, None, None, None,
       None, None, None, None, None, None, None, None, None, None, None,
       None, None, None, None, None, None, None, None, None, None, None,
       None, None, None, None, None, None, None, None, None, None, None,
       None, None, None, None, None, None, None, None, None, None, None,
       None, None, None, None, None, None, None, None, None, None, None,
       None, None, None, None, None, None, None, None, None, None, None,
       None, None, None, None, None, None, None, None, None, None, None,
       None, None, None, None, None, None, None, None, None, None, None,
       None, None, None, None, None, None, None, None, None, None, None,
       None, None, None, None, None, None, None, None, None, None, None,
       None, None, None, None, None, None, None, None, None, None, None,
       None, None, None, None, None, None, None, None, None, None, None,
       None, None, None, None, None, None, None, None, None, None, None,
       None, None, None, None, None, None, None, None, None, None, None,
       None, None, None, None, None, None, None, None, None, None, None,
       None, None, None, None, None, None, None, None, None, None, None,
       None, None, None, None, None, None, None, None, None, None, None,
       None, None, None, None, None, None, None, None, None, None, None,
       None, None, None, None, None, None, None, None, None, None, None,
       None, None, None, None, None, None, None, None, None, None, None,
       None, None, None, None, None, None, None, None, None, None, None,
       None, None, None, None, None, None, None, None, None, None, None,
       None, None, None, None, None, None, None, None, None, None, None,
       None], dtype=object)
       logzerr: array([0.        , 0.        , 0.        , 0.        , 0.        ,
       0.        , 0.        , 0.        , 0.        , 0.        ,
       0.        , 0.        , 0.        , 0.        , 0.        ,
       0.        , 0.        , 0.        , 0.        , 0.        ,
       0.        , 0.        , 0.        , 0.        , 0.        ,
       0.        , 0.        , 0.        , 0.        , 0.        ,
       0.        , 0.        , 0.        , 0.        , 0.        ,
       0.        , 0.        , 0.        , 0.        , 0.        ,
       0.        , 0.        , 0.        , 0.        , 0.        ,
       0.        , 0.        , 0.        , 0.        , 0.        ,
       0.        , 0.        , 0.        , 0.        , 0.        ,
       0.        , 0.        , 0.        , 0.        , 0.        ,
       0.        , 0.        , 0.        , 0.        , 0.        ,
       0.        , 0.        , 0.        , 0.        , 0.        ,
       0.        , 0.        , 0.        , 0.        , 0.        ,
       0.        , 0.        , 0.        , 0.        , 0.        ,
       0.        , 0.        , 0.        , 0.        , 0.        ,
       0.        , 0.        , 0.        , 0.        , 0.        ,
       0.        , 0.        , 0.        , 0.        , 0.        ,
       0.        , 0.        , 0.        , 0.        , 0.        ,
       0.        , 0.        , 0.        , 0.        , 0.        ,
       0.        , 0.        , 0.        , 0.        , 0.        ,
       0.        , 0.        , 0.        , 0.        , 0.        ,
       0.        , 0.        , 0.        , 0.        , 0.        ,
       0.        , 0.        , 0.        , 0.        , 0.        ,
       0.        , 0.        , 0.        , 0.        , 0.        ,
       0.        , 0.        , 0.        , 0.        , 0.        ,
       0.        , 0.        , 0.        , 0.        , 0.        ,
       0.        , 0.        , 0.        , 0.        , 0.        ,
       0.        , 0.        , 0.        , 0.        , 0.        ,
       0.        , 0.        , 0.        , 0.        , 0.        ,
       0.        , 0.        , 0.        , 0.        , 0.        ,
       0.        , 0.        , 0.        , 0.        , 0.        ,
       0.        , 0.        , 0.        , 0.        , 0.        ,
       0.        , 0.        , 0.        , 0.        , 0.        ,
       0.        , 0.        , 0.        , 0.        , 0.        ,
       0.        , 0.        , 0.        , 0.        , 0.        ,
       0.        , 0.        , 0.        , 0.        , 0.        ,
       0.        , 0.        , 0.        , 0.        , 0.        ,
       0.        , 0.        , 0.        , 0.        , 0.        ,
       0.        , 0.        , 0.        , 0.        , 0.        ,
       0.        , 0.        , 0.        , 0.        , 0.        ,
       0.        , 0.        , 0.        , 0.        , 0.        ,
       0.        , 0.        , 0.        , 0.        , 0.        ,
       0.        , 0.        , 0.        , 0.        , 0.        ,
       0.        , 0.        , 0.        , 0.        , 0.        ,
       0.        , 0.        , 0.        , 0.        , 0.        ,
       0.        , 0.        , 0.        , 0.        , 0.        ,
       0.        , 0.        , 0.        , 0.        , 0.        ,
       0.        , 0.        , 0.        , 0.        , 0.        ,
       0.        , 0.        , 0.        , 0.        , 0.        ,
       0.        , 0.        , 0.        , 0.        , 0.        ,
       0.        , 0.        , 0.        , 0.        , 0.        ,
       0.        , 0.        , 0.        , 0.        , 0.        ,
       0.        , 0.        , 0.        , 0.        , 0.        ,
       0.        , 0.        , 0.        , 0.        , 0.        ,
       0.        , 0.        , 0.        , 0.        , 0.        ,
       0.        , 0.        , 0.        , 0.        , 0.        ,
       0.        , 0.        , 0.        , 0.        , 0.        ,
       0.        , 0.        , 0.        , 0.        , 0.        ,
       0.        , 0.        , 0.        , 0.        , 0.        ,
       0.        , 0.        , 0.        , 0.        , 0.        ,
       0.        , 0.        , 0.        , 0.        , 0.        ,
       0.        , 0.        , 0.        , 0.        , 0.        ,
       0.        , 0.        , 0.        , 0.        , 0.        ,
       0.        , 0.        , 0.        , 0.        , 0.        ,
       0.        , 0.        , 0.        , 0.        , 0.        ,
       0.        , 0.        , 0.        , 0.        , 0.        ,
       0.        , 0.        , 0.        , 0.        , 0.        ,
       0.        , 0.        , 0.        , 0.        , 0.        ,
       0.        , 0.        , 2.32902616])
   information: array([0.       , 0.       , 0.       , 0.       , 0.       , 0.       ,
       0.       , 0.       , 0.       , 0.       , 0.       , 0.       ,
       0.       , 0.       , 0.       , 0.       , 0.       , 0.       ,
       0.       , 0.       , 0.       , 0.       , 0.       , 0.       ,
       0.       , 0.       , 0.       , 0.       , 0.       , 0.       ,
       0.       , 0.       , 0.       , 0.       , 0.       , 0.       ,
       0.       , 0.       , 0.       , 0.       , 0.       , 0.       ,
       0.       , 0.       , 0.       , 0.       , 0.       , 0.       ,
       0.       , 0.       , 0.       , 0.       , 0.       , 0.       ,
       0.       , 0.       , 0.       , 0.       , 0.       , 0.       ,
       0.       , 0.       , 0.       , 0.       , 0.       , 0.       ,
       0.       , 0.       , 0.       , 0.       , 0.       , 0.       ,
       0.       , 0.       , 0.       , 0.       , 0.       , 0.       ,
       0.       , 0.       , 0.       , 0.       , 0.       , 0.       ,
       0.       , 0.       , 0.       , 0.       , 0.       , 0.       ,
       0.       , 0.       , 0.       , 0.       , 0.       , 0.       ,
       0.       , 0.       , 0.       , 0.       , 0.       , 0.       ,
       0.       , 0.       , 0.       , 0.       , 0.       , 0.       ,
       0.       , 0.       , 0.       , 0.       , 0.       , 0.       ,
       0.       , 0.       , 0.       , 0.       , 0.       , 0.       ,
       0.       , 0.       , 0.       , 0.       , 0.       , 0.       ,
       0.       , 0.       , 0.       , 0.       , 0.       , 0.       ,
       0.       , 0.       , 0.       , 0.       , 0.       , 0.       ,
       0.       , 0.       , 0.       , 0.       , 0.       , 0.       ,
       0.       , 0.       , 0.       , 0.       , 0.       , 0.       ,
       0.       , 0.       , 0.       , 0.       , 0.       , 0.       ,
       0.       , 0.       , 0.       , 0.       , 0.       , 0.       ,
       0.       , 0.       , 0.       , 0.       , 0.       , 0.       ,
       0.       , 0.       , 0.       , 0.       , 0.       , 0.       ,
       0.       , 0.       , 0.       , 0.       , 0.       , 0.       ,
       0.       , 0.       , 0.       , 0.       , 0.       , 0.       ,
       0.       , 0.       , 0.       , 0.       , 0.       , 0.       ,
       0.       , 0.       , 0.       , 0.       , 0.       , 0.       ,
       0.       , 0.       , 0.       , 0.       , 0.       , 0.       ,
       0.       , 0.       , 0.       , 0.       , 0.       , 0.       ,
       0.       , 0.       , 0.       , 0.       , 0.       , 0.       ,
       0.       , 0.       , 0.       , 0.       , 0.       , 0.       ,
       0.       , 0.       , 0.       , 0.       , 0.       , 0.       ,
       0.       , 0.       , 0.       , 0.       , 0.       , 0.       ,
       0.       , 0.       , 0.       , 0.       , 0.       , 0.       ,
       0.       , 0.       , 0.       , 0.       , 0.       , 0.       ,
       0.       , 0.       , 0.       , 0.       , 0.       , 0.       ,
       0.       , 0.       , 0.       , 0.       , 0.       , 0.       ,
       0.       , 0.       , 0.       , 0.       , 0.       , 0.       ,
       0.       , 0.       , 0.       , 0.       , 0.       , 0.       ,
       0.       , 0.       , 0.       , 0.       , 0.       , 0.       ,
       0.       , 0.       , 0.       , 0.       , 0.       , 0.       ,
       0.       , 0.       , 0.       , 0.       , 0.       , 0.       ,
       0.       , 0.       , 0.       , 0.       , 0.       , 0.       ,
       0.       , 0.       , 0.       , 0.       , 0.       , 0.       ,
       0.       , 0.       , 0.       , 0.       , 0.       , 0.       ,
       0.       , 0.       , 0.       , 0.       , 0.       , 0.       ,
       0.       , 0.       , 0.       , 0.       , 0.       , 0.       ,
       0.       , 0.       , 0.       , 0.       , 0.       , 0.       ,
       0.       , 0.       , 0.       , 0.       , 0.       , 0.       ,
       0.       , 0.       , 0.       , 0.       , 0.       , 0.       ,
       0.       , 0.       , 0.       , 0.       , 0.       , 0.       ,
       0.       , 0.       , 0.       , 0.       , 0.       , 0.       ,
       0.       , 0.       , 0.       , 0.       , 7.8257014])
         bound: [<dynesty.bounding.UnitCube object at 0x7f689e49b850>]
    bound_iter: array([0, 0, 0, 0, 0, 0, 0, 0, 0, 0, 0, 0, 0, 0, 0, 0, 0, 0, 0, 0, 0, 0,
       0, 0, 0, 0, 0, 0, 0, 0, 0, 0, 0, 0, 0, 0, 0, 0, 0, 0, 0, 0, 0, 0,
       0, 0, 0, 0, 0, 0, 0, 0, 0, 0, 0, 0, 0, 0, 0, 0, 0, 0, 0, 0, 0, 0,
       0, 0, 0, 0, 0, 0, 0, 0, 0, 0, 0, 0, 0, 0, 0, 0, 0, 0, 0, 0, 0, 0,
       0, 0, 0, 0, 0, 0, 0, 0, 0, 0, 0, 0, 0, 0, 0, 0, 0, 0, 0, 0, 0, 0,
       0, 0, 0, 0, 0, 0, 0, 0, 0, 0, 0, 0, 0, 0, 0, 0, 0, 0, 0, 0, 0, 0,
       0, 0, 0, 0, 0, 0, 0, 0, 0, 0, 0, 0, 0, 0, 0, 0, 0, 0, 0, 0, 0, 0,
       0, 0, 0, 0, 0, 0, 0, 0, 0, 0, 0, 0, 0, 0, 0, 0, 0, 0, 0, 0, 0, 0,
       0, 0, 0, 0, 0, 0, 0, 0, 0, 0, 0, 0, 0, 0, 0, 0, 0, 0, 0, 0, 0, 0,
       0, 0, 0, 0, 0, 0, 0, 0, 0, 0, 0, 0, 0, 0, 0, 0, 0, 0, 0, 0, 0, 0,
       0, 0, 0, 0, 0, 0, 0, 0, 0, 0, 0, 0, 0, 0, 0, 0, 0, 0, 0, 0, 0, 0,
       0, 0, 0, 0, 0, 0, 0, 0, 0, 0, 0, 0, 0, 0, 0, 0, 0, 0, 0, 0, 0, 0,
       0, 0, 0, 0, 0, 0, 0, 0, 0, 0, 0, 0, 0, 0, 0, 0, 0, 0, 0, 0, 0, 0,
       0, 0, 0, 0, 0, 0, 0, 0, 0, 0, 0, 0, 0, 0, 0, 0, 0, 0, 0, 0, 0, 0,
       0, 0, 0, 0, 0, 0, 0, 0, 0, 0, 0, 0, 0, 0, 0, 0, 0, 0, 0, 0, 0, 0,
       0, 0, 0, 0, 0, 0, 0, 0, 0, 0, 0, 0, 0, 0, 0, 0, 0, 0, 0, 0, 0, 0,
       0])
 samples_bound: array([0, 0, 0, 0, 0, 0, 0, 0, 0, 0, 0, 0, 0, 0, 0, 0, 0, 0, 0, 0, 0, 0,
       0, 0, 0, 0, 0, 0, 0, 0, 0, 0, 0, 0, 0, 0, 0, 0, 0, 0, 0, 0, 0, 0,
       0, 0, 0, 0, 0, 0, 0, 0, 0, 0, 0, 0, 0, 0, 0, 0, 0, 0, 0, 0, 0, 0,
       0, 0, 0, 0, 0, 0, 0, 0, 0, 0, 0, 0, 0, 0, 0, 0, 0, 0, 0, 0, 0, 0,
       0, 0, 0, 0, 0, 0, 0, 0, 0, 0, 0, 0, 0, 0, 0, 0, 0, 0, 0, 0, 0, 0,
       0, 0, 0, 0, 0, 0, 0, 0, 0, 0, 0, 0, 0, 0, 0, 0, 0, 0, 0, 0, 0, 0,
       0, 0, 0, 0, 0, 0, 0, 0, 0, 0, 0, 0, 0, 0, 0, 0, 0, 0, 0, 0, 0, 0,
       0, 0, 0, 0, 0, 0, 0, 0, 0, 0, 0, 0, 0, 0, 0, 0, 0, 0, 0, 0, 0, 0,
       0, 0, 0, 0, 0, 0, 0, 0, 0, 0, 0, 0, 0, 0, 0, 0, 0, 0, 0, 0, 0, 0,
       0, 0, 0, 0, 0, 0, 0, 0, 0, 0, 0, 0, 0, 0, 0, 0, 0, 0, 0, 0, 0, 0,
       0, 0, 0, 0, 0, 0, 0, 0, 0, 0, 0, 0, 0, 0, 0, 0, 0, 0, 0, 0, 0, 0,
       0, 0, 0, 0, 0, 0, 0, 0, 0, 0, 0, 0, 0, 0, 0, 0, 0, 0, 0, 0, 0, 0,
       0, 0, 0, 0, 0, 0, 0, 0, 0, 0, 0, 0, 0, 0, 0, 0, 0, 0, 0, 0, 0, 0,
       0, 0, 0, 0, 0, 0, 0, 0, 0, 0, 0, 0, 0, 0, 0, 0, 0, 0, 0, 0, 0, 0,
       0, 0, 0, 0, 0, 0, 0, 0, 0, 0, 0, 0, 0, 0, 0, 0, 0, 0, 0, 0, 0, 0,
       0, 0, 0, 0, 0, 0, 0, 0, 0, 0, 0, 0, 0, 0, 0, 0, 0, 0, 0, 0, 0, 0,
       0])
         scale: array([1., 1., 1., 1., 1., 1., 1., 1., 1., 1., 1., 1., 1., 1., 1., 1., 1.,
       1., 1., 1., 1., 1., 1., 1., 1., 1., 1., 1., 1., 1., 1., 1., 1., 1.,
       1., 1., 1., 1., 1., 1., 1., 1., 1., 1., 1., 1., 1., 1., 1., 1., 1.,
       1., 1., 1., 1., 1., 1., 1., 1., 1., 1., 1., 1., 1., 1., 1., 1., 1.,
       1., 1., 1., 1., 1., 1., 1., 1., 1., 1., 1., 1., 1., 1., 1., 1., 1.,
       1., 1., 1., 1., 1., 1., 1., 1., 1., 1., 1., 1., 1., 1., 1., 1., 1.,
       1., 1., 1., 1., 1., 1., 1., 1., 1., 1., 1., 1., 1., 1., 1., 1., 1.,
       1., 1., 1., 1., 1., 1., 1., 1., 1., 1., 1., 1., 1., 1., 1., 1., 1.,
       1., 1., 1., 1., 1., 1., 1., 1., 1., 1., 1., 1., 1., 1., 1., 1., 1.,
       1., 1., 1., 1., 1., 1., 1., 1., 1., 1., 1., 1., 1., 1., 1., 1., 1.,
       1., 1., 1., 1., 1., 1., 1., 1., 1., 1., 1., 1., 1., 1., 1., 1., 1.,
       1., 1., 1., 1., 1., 1., 1., 1., 1., 1., 1., 1., 1., 1., 1., 1., 1.,
       1., 1., 1., 1., 1., 1., 1., 1., 1., 1., 1., 1., 1., 1., 1., 1., 1.,
       1., 1., 1., 1., 1., 1., 1., 1., 1., 1., 1., 1., 1., 1., 1., 1., 1.,
       1., 1., 1., 1., 1., 1., 1., 1., 1., 1., 1., 1., 1., 1., 1., 1., 1.,
       1., 1., 1., 1., 1., 1., 1., 1., 1., 1., 1., 1., 1., 1., 1., 1., 1.,
       1., 1., 1., 1., 1., 1., 1., 1., 1., 1., 1., 1., 1., 1., 1., 1., 1.,
       1., 1., 1., 1., 1., 1., 1., 1., 1., 1., 1., 1., 1., 1., 1., 1., 1.,
       1., 1., 1., 1., 1., 1., 1., 1., 1., 1., 1., 1., 1., 1., 1., 1., 1.,
       1., 1., 1., 1., 1., 1., 1., 1., 1., 1., 1., 1., 1., 1., 1., 1., 1.,
       1., 1., 1., 1., 1., 1., 1., 1., 1., 1., 1., 1., 1.])

opt_result: None

