Fitting model using dynesty...

model fit after 2486.53 seconds

run_params: {'outfile': '04.08.1537-dyn-40core.h5', 'dynesty': True, 'emcee': False, 'optimization': True, 'nested_method': 'rwalk', 'nested_nlive': 100, 'nested_nlive_init': 100, 'nlive_init': 100, 'nested_nlive_batch': 50, 'nlive_batch': 50, 'nested_dlogz_init': 1000, 'nested_target_n_effective': 500, 'nested_neff': 500, 'nested_maxcall': 1000, 'nested_maxcall_init': 1000, 'nested_maxbatch': 1, 'verbose': True, 'nwalkers': 32, 'niter': 100, 'showplots': False, 'fitnewmodel': True, 'readfile': None, 'minimize': False}

sampling_result:          niter: 342
         ncall: array([ 1,  1,  1,  1,  1,  1,  1,  1,  1,  1,  1,  1,  1,  1,  1,  2,  1,
        1,  1,  1,  1,  1,  1,  2,  1,  1,  2,  2,  1,  2,  1,  2,  3,  1,
        1,  1,  1,  2,  1,  1,  1,  1,  1,  1,  3,  1,  1,  3,  8,  1,  1,
        1,  1,  1,  1,  3,  3,  2,  5,  4,  5,  3,  3,  1,  2,  4,  1,  1,
        3,  1,  3,  1,  1,  2,  1,  1,  1,  3,  3,  1,  1,  1,  1,  3,  2,
        5,  1,  1,  7,  1,  3,  4,  1,  5,  5,  1,  1,  7,  8,  4,  1,  9,
        1,  1,  4, 16, 15,  1,  1,  3,  2,  5, 10,  1,  4,  5,  5,  5, 13,
        3,  1,  2,  1,  1,  2,  2, 11,  2,  2,  1,  3,  9,  2,  1,  5,  6,
        3,  2,  8,  8,  2, 40,  1,  9,  4,  5,  2, 10,  9,  3,  2,  1,  7,
        1,  1,  5,  2,  2,  1,  6, 14,  5,  8,  8,  5, 13,  2,  2,  5,  1,
        2,  3, 19, 13,  1,  6,  6,  5,  2,  1,  3,  4,  1,  2,  2,  1, 14,
        3,  4, 15,  3,  1,  2,  3,  3,  1,  8, 11,  9,  2,  3, 13, 11,  9,
        7, 10, 11, 10,  4,  4,  2,  7,  7,  7, 16,  1,  5,  7,  3, 17,  4,
        1,  1, 21,  4,  3,  1,  3,  6,  5,  1,  2,  8, 14, 24,  3, 13, 11,
        4, 10,  2, 25,  1,  1,  1,  1,  1,  1,  1,  1,  1,  1,  1,  1,  1,
        1,  1,  1,  1,  1,  1,  1,  1,  1,  1,  1,  1,  1,  1,  1,  1,  1,
        1,  1,  1,  1,  1,  1,  1,  1,  1,  1,  1,  1,  1,  1,  1,  1,  1,
        1,  1,  1,  1,  1,  1,  1,  1,  1,  1,  1,  1,  1,  1,  1,  1,  1,
        1,  1,  1,  1,  1,  1,  1,  1,  1,  1,  1,  1,  1,  1,  1,  1,  1,
        1,  1,  1,  1,  1,  1,  1,  1,  1,  1,  1,  1,  1,  1,  1,  1,  1,
        1,  1])
           eff: 30.590339892665472
       samples: array([[ 8.24496637e+00, -1.97951406e+00,  1.70174008e-01, ...,
         7.79005889e-01, -2.71605941e+00,  1.49392296e+00],
       [ 8.93523861e+00, -1.03757539e+00,  1.40657403e-01, ...,
         1.01982062e+00, -1.84069087e+00,  1.97097856e+00],
       [ 8.53714750e+00, -4.50399798e-01,  7.23335172e-01, ...,
         8.51881020e-01, -1.77828383e+00,  6.35225244e-01],
       ...,
       [ 8.76655916e+00, -9.74513060e-01,  3.32496272e-01, ...,
         1.32425097e+00, -2.48937792e+00,  1.37558808e+00],
       [ 8.39118059e+00, -1.97287117e+00,  5.71871673e-03, ...,
         8.57715808e-01, -3.03061511e+00,  7.87505096e-01],
       [ 8.91848082e+00, -4.26027459e-01,  3.39682366e-02, ...,
         1.35046941e+00, -2.31228950e+00,  5.89550120e-01]],
      shape=(342, 15))
    samples_id: array([91, 37, 94, 33, 90, 85, 18, 83, 57, 80, 31, 13, 67, 32, 94,  2, 53,
       49, 99, 99, 32,  6, 81, 44, 44, 50, 80, 12, 54, 10, 65, 36, 67, 12,
       51, 83, 96,  1, 40, 58,  2, 45, 31, 99, 37, 88, 14, 47, 58, 63, 10,
       71, 77, 32, 16, 68, 62, 87, 56, 24,  9, 84, 13, 45, 20, 67, 30, 68,
       94, 50, 23, 93, 42, 10, 40, 25, 83, 50, 94, 76, 52, 95, 64, 61, 69,
       54, 41, 47, 89, 48, 78, 65, 86, 90, 35, 26, 82, 13, 71, 61, 74, 82,
       29,  8, 54, 10, 51,  2, 14, 77, 46, 16, 76, 35,  0, 40, 50, 39, 63,
       11, 17, 47,  1, 49, 79, 93, 62, 92, 44, 37, 45, 75, 69, 14, 28, 75,
       55, 20, 90, 89, 42, 87, 48, 11,  4, 28, 71, 80, 60, 21, 52, 22, 14,
       36, 67, 52, 87, 91, 95,  9, 38, 58,  8,  6, 65, 75, 55, 76, 80, 23,
       11, 93, 41,  0, 40, 90, 60, 65, 38, 85, 37, 27, 44, 51, 17,  2, 71,
        6, 25, 82, 76, 80, 30, 81, 17, 88, 47, 42, 38, 31, 22, 31, 26, 35,
       75, 54, 22, 26, 18, 51, 61, 39, 51, 63, 35, 79, 16, 19, 83, 34, 85,
       13, 10, 10, 32,  1, 25, 51, 67, 21, 57, 25, 68, 84, 61, 57, 71, 53,
       51, 93, 72, 53, 56,  0, 78, 95, 61, 59, 27, 82, 50, 66, 92, 48, 42,
        8, 64, 87, 15,  4, 60, 16, 96, 28, 20, 21, 90, 36, 18, 70, 67, 41,
       37, 43, 84, 10, 99, 34, 32, 69, 12, 35, 72, 49, 14, 13, 24, 29, 75,
       58, 45, 62,  9, 86, 11,  1, 55, 85, 65, 52,  7, 98, 63, 73, 74,  2,
       76, 97, 81, 23, 68,  6, 31, 40, 80, 51, 25, 91, 89, 79, 54, 83, 39,
       94, 26, 22, 77, 30, 57, 46, 33,  5, 93, 38, 53, 71, 88, 47, 19, 17,
       44,  3])
 samples_batch: array([0, 0, 0, 0, 0, 0, 0, 0, 0, 0, 0, 0, 0, 0, 0, 0, 0, 0, 0, 0, 0, 0,
       0, 0, 0, 0, 0, 0, 0, 0, 0, 0, 0, 0, 0, 0, 0, 0, 0, 0, 0, 0, 0, 0,
       0, 0, 0, 0, 0, 0, 0, 0, 0, 0, 0, 0, 0, 0, 0, 0, 0, 0, 0, 0, 0, 0,
       0, 0, 0, 0, 0, 0, 0, 0, 0, 0, 0, 0, 0, 0, 0, 0, 0, 0, 0, 0, 0, 0,
       0, 0, 0, 0, 0, 0, 0, 0, 0, 0, 0, 0, 0, 0, 0, 0, 0, 0, 0, 0, 0, 0,
       0, 0, 0, 0, 0, 0, 0, 0, 0, 0, 0, 0, 0, 0, 0, 0, 0, 0, 0, 0, 0, 0,
       0, 0, 0, 0, 0, 0, 0, 0, 0, 0, 0, 0, 0, 0, 0, 0, 0, 0, 0, 0, 0, 0,
       0, 0, 0, 0, 0, 0, 0, 0, 0, 0, 0, 0, 0, 0, 0, 0, 0, 0, 0, 0, 0, 0,
       0, 0, 0, 0, 0, 0, 0, 0, 0, 0, 0, 0, 0, 0, 0, 0, 0, 0, 0, 0, 0, 0,
       0, 0, 0, 0, 0, 0, 0, 0, 0, 0, 0, 0, 0, 0, 0, 0, 0, 0, 0, 0, 0, 0,
       0, 0, 0, 0, 0, 0, 0, 0, 0, 0, 0, 0, 0, 0, 0, 0, 0, 0, 0, 0, 0, 0,
       0, 0, 0, 0, 0, 0, 0, 0, 0, 0, 0, 0, 0, 0, 0, 0, 0, 0, 0, 0, 0, 0,
       0, 0, 0, 0, 0, 0, 0, 0, 0, 0, 0, 0, 0, 0, 0, 0, 0, 0, 0, 0, 0, 0,
       0, 0, 0, 0, 0, 0, 0, 0, 0, 0, 0, 0, 0, 0, 0, 0, 0, 0, 0, 0, 0, 0,
       0, 0, 0, 0, 0, 0, 0, 0, 0, 0, 0, 0, 0, 0, 0, 0, 0, 0, 0, 0, 0, 0,
       0, 0, 0, 0, 0, 0, 0, 0, 0, 0, 0, 0])
    samples_it: array([  0,   0,   0,   0,   0,   0,   0,   0,   0,   0,   0,   0,   0,
         0,   3,   0,   0,   0,   0,  19,  14,   0,   0,   0,  24,   0,
        10,   0,   0,   0,   0,   0,  13,  28,   0,   8,   0,   0,   0,
         0,  16,   0,  11,  20,   2,   0,   0,   0,  40,   0,  30,   0,
         0,  21,   0,   0,   0,   0,   0,   0,   0,   0,  12,  42,   0,
        33,   0,  56,  15,  26,   0,   0,   0,  51,  39,   0,  36,  70,
        69,   0,   0,   0,   0,   0,   0,  29,   0,  48,   0,   0,   0,
        31,   0,   5,   0,   0,   0,  63,  52,  84,   0,  97,   0,   0,
        86,  74,  35,  41,  47,  53,   0,  55,  80,  95,   0,  75,  78,
         0,  50,   0,   0,  88,  38,  18,   0,  72,  57,   0,  25,  45,
        64,   0,  85, 109,   0, 132,   0,  65,  94,  89,  73,  58,  90,
       120,   0, 135,  99,  27,   0,   0,  81,   0, 134,  32,  66, 151,
       142,   1,  82,  61,   0,  49, 104,  22,  92, 136, 137, 113, 148,
        71, 144, 126,  87, 115, 116, 139, 149, 165, 161,   6, 130,   0,
       129, 107, 121, 108, 147, 164,  76, 102, 168, 169,  67,  23, 185,
        46, 122, 141, 179,  43, 152, 200,  96, 114, 166, 105, 201, 203,
         7, 184, 100, 118, 210, 119, 204, 125, 112,   0,  77,   0, 180,
        98, 106, 223,  54, 123, 189, 213, 155, 150,   9, 227,  68,  62,
       211, 231, 187,  17, 228, 172,   0, 238,  59, 174,  91, 159, 235,
         0, 182, 190, 117,   0, 128, 143, 198, 163,  83, 157,   0, 145,
       177, 217,  37, 146, 138, 230, 176, 154, 209,   0, 229, 173, 181,
         0, 234, 224,  44, 220, 225, 133,  34, 215, 241, 124, 153, 222,
        60, 103, 205, 162, 131, 127, 160,  93, 171, 226, 167, 221, 178,
       156,   0,   0, 214,   0, 101, 186, 191,   0, 194, 170, 233, 188,
       202, 175, 192, 239, 232, 158, 140, 216, 206, 219, 212,  79, 208,
       207, 110, 193, 236, 111,   4,   0, 240, 199, 242, 237, 196, 197,
       218, 195, 183,   0])
     samples_u: array([[0.24496637, 0.01024297, 0.10725653, ..., 0.23043719, 0.4279802 ,
        0.95054692],
       [0.93523861, 0.4812123 , 0.08839525, ..., 0.52636107, 0.71976971,
        0.99982409],
       [0.5371475 , 0.7748001 , 0.45627129, ..., 0.31058592, 0.74057206,
        0.11167526],
       ...,
       [0.76655916, 0.51274347, 0.21183637, ..., 0.86042438, 0.50354069,
        0.89504682],
       [0.39118059, 0.01356442, 0.00353334, ..., 0.31749329, 0.3231283 ,
        0.23915057],
       [0.91848082, 0.78698627, 0.02107271, ..., 0.87896847, 0.56257017,
        0.08527413]], shape=(342, 15))
     samples_n: array([100, 100, 100, 100, 100, 100, 100, 100, 100, 100, 100, 100, 100,
       100, 100, 100, 100, 100, 100, 100, 100, 100, 100, 100, 100, 100,
       100, 100, 100, 100, 100, 100, 100, 100, 100, 100, 100, 100, 100,
       100, 100, 100, 100, 100, 100, 100, 100, 100, 100, 100, 100, 100,
       100, 100, 100, 100, 100, 100, 100, 100, 100, 100, 100, 100, 100,
       100, 100, 100, 100, 100, 100, 100, 100, 100, 100, 100, 100, 100,
       100, 100, 100, 100, 100, 100, 100, 100, 100, 100, 100, 100, 100,
       100, 100, 100, 100, 100, 100, 100, 100, 100, 100, 100, 100, 100,
       100, 100, 100, 100, 100, 100, 100, 100, 100, 100, 100, 100, 100,
       100, 100, 100, 100, 100, 100, 100, 100, 100, 100, 100, 100, 100,
       100, 100, 100, 100, 100, 100, 100, 100, 100, 100, 100, 100, 100,
       100, 100, 100, 100, 100, 100, 100, 100, 100, 100, 100, 100, 100,
       100, 100, 100, 100, 100, 100, 100, 100, 100, 100, 100, 100, 100,
       100, 100, 100, 100, 100, 100, 100, 100, 100, 100, 100, 100, 100,
       100, 100, 100, 100, 100, 100, 100, 100, 100, 100, 100, 100, 100,
       100, 100, 100, 100, 100, 100, 100, 100, 100, 100, 100, 100, 100,
       100, 100, 100, 100, 100, 100, 100, 100, 100, 100, 100, 100, 100,
       100, 100, 100, 100, 100, 100, 100, 100, 100, 100, 100, 100, 100,
       100, 100, 100, 100, 100, 100, 100, 100, 100,  99,  98,  97,  96,
        95,  94,  93,  92,  91,  90,  89,  88,  87,  86,  85,  84,  83,
        82,  81,  80,  79,  78,  77,  76,  75,  74,  73,  72,  71,  70,
        69,  68,  67,  66,  65,  64,  63,  62,  61,  60,  59,  58,  57,
        56,  55,  54,  53,  52,  51,  50,  49,  48,  47,  46,  45,  44,
        43,  42,  41,  40,  39,  38,  37,  36,  35,  34,  33,  32,  31,
        30,  29,  28,  27,  26,  25,  24,  23,  22,  21,  20,  19,  18,
        17,  16,  15,  14,  13,  12,  11,  10,   9,   8,   7,   6,   5,
         4,   3,   2,   1])
         logwt: array([-1.15221211e+15, -3.07579485e+14, -1.74819793e+14, -1.00510749e+14,
       -2.83508877e+13, -1.13821058e+13, -8.91725308e+12, -4.58959184e+12,
       -3.63632374e+12, -3.55774710e+12, -1.74652152e+12, -9.92243734e+11,
       -9.43447888e+11, -8.13686547e+11, -7.60031570e+11, -7.10912680e+11,
       -6.95296652e+11, -4.60998115e+11, -2.02678066e+11, -1.68630929e+11,
       -1.41453807e+11, -1.10438923e+11, -6.30416296e+10, -3.37062392e+10,
       -2.20455636e+10, -1.60742675e+10, -1.44731615e+10, -1.39442138e+10,
       -1.21954438e+10, -9.80222605e+09, -9.02779437e+09, -6.41118788e+09,
       -5.40892147e+09, -4.86148515e+09, -3.14503430e+09, -2.40043424e+09,
       -2.38597095e+09, -1.91352765e+09, -1.10182947e+09, -9.01354722e+08,
       -6.19728529e+08, -5.76749536e+08, -5.44303397e+08, -5.26005836e+08,
       -3.92435765e+08, -3.46567648e+08, -3.45716406e+08, -2.89690372e+08,
       -2.64664829e+08, -2.42996349e+08, -2.23052296e+08, -1.82749548e+08,
       -1.63334404e+08, -1.54583757e+08, -1.39792578e+08, -9.06767960e+07,
       -9.00846055e+07, -8.34928226e+07, -7.41474272e+07, -6.58362309e+07,
       -5.47611465e+07, -3.71737443e+07, -2.67938733e+07, -2.33254577e+07,
       -1.74450081e+07, -1.57051694e+07, -1.48062988e+07, -1.22290437e+07,
       -1.17292171e+07, -9.44778922e+06, -8.56721400e+06, -8.08807842e+06,
       -6.75631897e+06, -6.07533561e+06, -4.63882077e+06, -4.60758413e+06,
       -3.78660505e+06, -3.58655725e+06, -3.57912207e+06, -3.44634589e+06,
       -3.38308721e+06, -2.75976873e+06, -1.93478391e+06, -1.62266419e+06,
       -1.54840241e+06, -9.66762794e+05, -8.88256126e+05, -7.70311355e+05,
       -6.17192191e+05, -6.14331112e+05, -5.88538616e+05, -4.34093227e+05,
       -4.18416024e+05, -3.45728971e+05, -3.30813408e+05, -3.20178697e+05,
       -2.46602814e+05, -2.12550998e+05, -2.09492628e+05, -1.87881557e+05,
       -1.65449708e+05, -1.39385293e+05, -1.31044830e+05, -1.21848172e+05,
       -1.14595775e+05, -1.10845522e+05, -1.07312236e+05, -9.63685607e+04,
       -8.94945691e+04, -8.51311107e+04, -8.48087766e+04, -8.42648647e+04,
       -8.40148317e+04, -8.36476733e+04, -8.35839261e+04, -8.32846295e+04,
       -8.32087674e+04, -8.31773595e+04, -8.30540132e+04, -8.29999013e+04,
       -8.29483263e+04, -8.27963495e+04, -8.26801241e+04, -8.25076580e+04,
       -8.23024344e+04, -8.22829967e+04, -8.22544083e+04, -8.19661789e+04,
       -8.14233850e+04, -8.11928002e+04, -8.09401792e+04, -8.07585593e+04,
       -8.06660846e+04, -8.04483524e+04, -8.03725864e+04, -8.01240290e+04,
       -8.00959269e+04, -8.00876510e+04, -8.00603425e+04, -8.00423914e+04,
       -7.92987355e+04, -7.91697806e+04, -7.90926078e+04, -7.86900845e+04,
       -7.86744886e+04, -7.85202020e+04, -7.82421196e+04, -7.80680434e+04,
       -7.79690709e+04, -7.79666327e+04, -7.78036545e+04, -7.77672531e+04,
       -7.77663951e+04, -7.72629891e+04, -7.70231152e+04, -7.60534939e+04,
       -7.58773264e+04, -7.55170196e+04, -7.42907356e+04, -7.33623547e+04,
       -7.33276608e+04, -7.29704374e+04, -7.28425338e+04, -7.21237830e+04,
       -7.19519603e+04, -7.13783360e+04, -7.11786922e+04, -7.09035347e+04,
       -7.06833900e+04, -6.97808089e+04, -6.95208992e+04, -6.95133428e+04,
       -6.94261060e+04, -6.86331789e+04, -6.85931130e+04, -6.85554679e+04,
       -6.85266570e+04, -6.81887956e+04, -6.73975359e+04, -6.72693606e+04,
       -6.70008720e+04, -6.66902709e+04, -6.65633145e+04, -6.60088678e+04,
       -6.57979975e+04, -6.51007748e+04, -6.48537366e+04, -6.44748846e+04,
       -6.44016451e+04, -6.43697746e+04, -6.33665162e+04, -6.28597738e+04,
       -6.19048386e+04, -6.17876692e+04, -6.10506214e+04, -6.08711800e+04,
       -6.07811668e+04, -6.00506700e+04, -5.97720042e+04, -5.91549004e+04,
       -5.84321225e+04, -5.82429225e+04, -5.81455842e+04, -5.81189745e+04,
       -5.78018498e+04, -5.75379245e+04, -5.73018564e+04, -5.72617616e+04,
       -5.69631921e+04, -5.65583801e+04, -5.64698916e+04, -5.61016454e+04,
       -5.46264460e+04, -5.43436139e+04, -5.42824900e+04, -5.42260799e+04,
       -5.41132005e+04, -5.38002098e+04, -5.36133807e+04, -5.34520381e+04,
       -5.33087288e+04, -5.30361213e+04, -5.29512248e+04, -5.28266451e+04,
       -5.25604134e+04, -5.19107921e+04, -5.15451469e+04, -5.15088811e+04,
       -5.11708210e+04, -5.08079816e+04, -5.06692962e+04, -5.04893929e+04,
       -5.03415052e+04, -5.02399652e+04, -4.99623022e+04, -4.99476419e+04,
       -4.96428005e+04, -4.94570419e+04, -4.92021049e+04, -4.83434118e+04,
       -4.75389427e+04, -4.75219545e+04, -4.64747345e+04, -4.61725145e+04,
       -4.60554651e+04, -4.58162849e+04, -4.54815128e+04, -4.54268000e+04,
       -4.46534193e+04, -4.44325360e+04, -4.42557837e+04, -4.35300144e+04,
       -4.33234157e+04, -4.25119169e+04, -4.24129141e+04, -4.08213595e+04,
       -4.05339536e+04, -4.03610497e+04, -3.97691312e+04, -3.97430461e+04,
       -3.96892567e+04, -3.95169756e+04, -3.89957787e+04, -3.88192120e+04,
       -3.83694215e+04, -3.80775799e+04, -3.73437274e+04, -3.65604043e+04,
       -3.65513928e+04, -3.63089436e+04, -3.62215886e+04, -3.61273555e+04,
       -3.59676954e+04, -3.58995745e+04, -3.57573359e+04, -3.55996052e+04,
       -3.54029736e+04, -3.52941528e+04, -3.51330262e+04, -3.46985898e+04,
       -3.43995497e+04, -3.43800126e+04, -3.40038155e+04, -3.37364674e+04,
       -3.35672288e+04, -3.34595909e+04, -3.24125846e+04, -3.23616859e+04,
       -3.15160919e+04, -3.13582109e+04, -3.11824011e+04, -3.09487272e+04,
       -3.08931557e+04, -3.08837959e+04, -3.08402612e+04, -3.04771553e+04,
       -2.97272386e+04, -2.96500257e+04, -2.90583584e+04, -2.87698175e+04,
       -2.87548160e+04, -2.87260295e+04, -2.76972160e+04, -2.75854530e+04,
       -2.74567405e+04, -2.72618007e+04, -2.72536786e+04, -2.71536513e+04,
       -2.67978402e+04, -2.62397305e+04, -2.61420624e+04, -2.47185315e+04,
       -2.42400769e+04, -2.28304837e+04, -2.22479036e+04, -2.19582286e+04,
       -2.17866793e+04, -2.07450100e+04, -2.04414158e+04, -2.00340057e+04,
       -1.97533884e+04, -1.85110689e+04, -1.83029119e+04, -1.80442011e+04,
       -1.74310546e+04, -1.70012277e+04, -1.64686803e+04, -1.54646994e+04,
       -1.52591477e+04, -1.45027932e+04, -1.44596799e+04, -1.40760688e+04,
       -1.38751947e+04, -1.37166149e+04, -1.35004998e+04, -1.32629971e+04,
       -1.22098653e+04, -1.11439334e+04, -1.08981408e+04, -9.56935087e+03,
       -6.48229324e+03, -5.68795232e+03])
          logl: array([-1.15221211e+15, -3.07579485e+14, -1.74819793e+14, -1.00510749e+14,
       -2.83508877e+13, -1.13821058e+13, -8.91725308e+12, -4.58959184e+12,
       -3.63632374e+12, -3.55774710e+12, -1.74652152e+12, -9.92243734e+11,
       -9.43447888e+11, -8.13686547e+11, -7.60031570e+11, -7.10912680e+11,
       -6.95296652e+11, -4.60998115e+11, -2.02678066e+11, -1.68630929e+11,
       -1.41453807e+11, -1.10438923e+11, -6.30416296e+10, -3.37062392e+10,
       -2.20455635e+10, -1.60742675e+10, -1.44731615e+10, -1.39442138e+10,
       -1.21954438e+10, -9.80222604e+09, -9.02779437e+09, -6.41118787e+09,
       -5.40892147e+09, -4.86148514e+09, -3.14503429e+09, -2.40043423e+09,
       -2.38597095e+09, -1.91352765e+09, -1.10182946e+09, -9.01354716e+08,
       -6.19728523e+08, -5.76749530e+08, -5.44303391e+08, -5.26005831e+08,
       -3.92435759e+08, -3.46567642e+08, -3.45716401e+08, -2.89690366e+08,
       -2.64664823e+08, -2.42996344e+08, -2.23052290e+08, -1.82749542e+08,
       -1.63334398e+08, -1.54583751e+08, -1.39792572e+08, -9.06767902e+07,
       -9.00845996e+07, -8.34928167e+07, -7.41474213e+07, -6.58362250e+07,
       -5.47611406e+07, -3.71737384e+07, -2.67938673e+07, -2.33254518e+07,
       -1.74450022e+07, -1.57051635e+07, -1.48062929e+07, -1.22290377e+07,
       -1.17292111e+07, -9.44778322e+06, -8.56720800e+06, -8.08807240e+06,
       -6.75631295e+06, -6.07532958e+06, -4.63881473e+06, -4.60757808e+06,
       -3.78659899e+06, -3.58655117e+06, -3.57911599e+06, -3.44633980e+06,
       -3.38308110e+06, -2.75976262e+06, -1.93477779e+06, -1.62265806e+06,
       -1.54839627e+06, -9.66756640e+05, -8.88249962e+05, -7.70305181e+05,
       -6.17186007e+05, -6.14324918e+05, -5.88532413e+05, -4.34087014e+05,
       -4.18409800e+05, -3.45722737e+05, -3.30807164e+05, -3.20172444e+05,
       -2.46596551e+05, -2.12544725e+05, -2.09486345e+05, -1.87875264e+05,
       -1.65443405e+05, -1.39378979e+05, -1.31038507e+05, -1.21841839e+05,
       -1.14589432e+05, -1.10839169e+05, -1.07305873e+05, -9.63621878e+04,
       -8.94881862e+04, -8.51247178e+04, -8.48023738e+04, -8.42584520e+04,
       -8.40084090e+04, -8.36412407e+04, -8.35774835e+04, -8.32781770e+04,
       -8.32023049e+04, -8.31708871e+04, -8.30475308e+04, -8.29934089e+04,
       -8.29418240e+04, -8.27898372e+04, -8.26736019e+04, -8.25011258e+04,
       -8.22958923e+04, -8.22764447e+04, -8.22478463e+04, -8.19596069e+04,
       -8.14168031e+04, -8.11862083e+04, -8.09335774e+04, -8.07519475e+04,
       -8.06594629e+04, -8.04417207e+04, -8.03659448e+04, -8.01173774e+04,
       -8.00892654e+04, -8.00809798e+04, -8.00536611e+04, -8.00357000e+04,
       -7.92920342e+04, -7.91630693e+04, -7.90858866e+04, -7.86833533e+04,
       -7.86677475e+04, -7.85134509e+04, -7.82353586e+04, -7.80612725e+04,
       -7.79622900e+04, -7.79599322e+04, -7.77968537e+04, -7.77604424e+04,
       -7.77601188e+04, -7.72561585e+04, -7.70162746e+04, -7.60466433e+04,
       -7.58704659e+04, -7.55101492e+04, -7.42838552e+04, -7.33554644e+04,
       -7.33207605e+04, -7.29635271e+04, -7.28356135e+04, -7.21168528e+04,
       -7.19450201e+04, -7.13713859e+04, -7.11717322e+04, -7.08965647e+04,
       -7.06764101e+04, -6.97738190e+04, -6.95138993e+04, -6.95063336e+04,
       -6.94190863e+04, -6.86261492e+04, -6.85860734e+04, -6.85484183e+04,
       -6.85195975e+04, -6.81817262e+04, -6.73904565e+04, -6.72622712e+04,
       -6.69937726e+04, -6.66831616e+04, -6.65561953e+04, -6.60017386e+04,
       -6.57908584e+04, -6.50936257e+04, -6.48465776e+04, -6.44677156e+04,
       -6.43944661e+04, -6.43625857e+04, -6.33593173e+04, -6.28525650e+04,
       -6.18976199e+04, -6.17804405e+04, -6.10433828e+04, -6.08639315e+04,
       -6.07739082e+04, -6.00434015e+04, -5.97647257e+04, -5.91476120e+04,
       -5.84248241e+04, -5.82356142e+04, -5.81382659e+04, -5.81116463e+04,
       -5.77945117e+04, -5.75305764e+04, -5.72944984e+04, -5.72543936e+04,
       -5.69558142e+04, -5.65509922e+04, -5.64624937e+04, -5.60942376e+04,
       -5.46190283e+04, -5.43361862e+04, -5.42750524e+04, -5.42186324e+04,
       -5.41057430e+04, -5.37927423e+04, -5.36059033e+04, -5.34445507e+04,
       -5.33012315e+04, -5.30286140e+04, -5.29437076e+04, -5.28191179e+04,
       -5.25528763e+04, -5.19032450e+04, -5.15375898e+04, -5.15013142e+04,
       -5.11632441e+04, -5.08003947e+04, -5.06616993e+04, -5.04817861e+04,
       -5.03338884e+04, -5.02323385e+04, -4.99546656e+04, -4.99399953e+04,
       -4.96351440e+04, -4.94493754e+04, -4.91944284e+04, -4.83357254e+04,
       -4.75312463e+04, -4.75142482e+04, -4.64670182e+04, -4.61647982e+04,
       -4.60477488e+04, -4.58085686e+04, -4.54737966e+04, -4.54190837e+04,
       -4.46457031e+04, -4.44248198e+04, -4.42480675e+04, -4.35222982e+04,
       -4.33156994e+04, -4.25042007e+04, -4.24051978e+04, -4.08136433e+04,
       -4.05262373e+04, -4.03533335e+04, -3.97614150e+04, -3.97353299e+04,
       -3.96815404e+04, -3.95092594e+04, -3.89880625e+04, -3.88114957e+04,
       -3.83617053e+04, -3.80698636e+04, -3.73360111e+04, -3.65526880e+04,
       -3.65436767e+04, -3.63012274e+04, -3.62138723e+04, -3.61196393e+04,
       -3.59599791e+04, -3.58918583e+04, -3.57496197e+04, -3.55918889e+04,
       -3.53952574e+04, -3.52864366e+04, -3.51253100e+04, -3.46908736e+04,
       -3.43918335e+04, -3.43722963e+04, -3.39960992e+04, -3.37287511e+04,
       -3.35595126e+04, -3.34518746e+04, -3.24048684e+04, -3.23539696e+04,
       -3.15083756e+04, -3.13504947e+04, -3.11746849e+04, -3.09410109e+04,
       -3.08854394e+04, -3.08760798e+04, -3.08325449e+04, -3.04694391e+04,
       -2.97195223e+04, -2.96423094e+04, -2.90506421e+04, -2.87621012e+04,
       -2.87470997e+04, -2.87183133e+04, -2.76894997e+04, -2.75777367e+04,
       -2.74490243e+04, -2.72540844e+04, -2.72459626e+04, -2.71459351e+04,
       -2.67901239e+04, -2.62320143e+04, -2.61343462e+04, -2.47108152e+04,
       -2.42323606e+04, -2.28227675e+04, -2.22401873e+04, -2.19505124e+04,
       -2.17789631e+04, -2.07372937e+04, -2.04336996e+04, -2.00262894e+04,
       -1.97456722e+04, -1.85033527e+04, -1.82951956e+04, -1.80364849e+04,
       -1.74233384e+04, -1.69935114e+04, -1.64609641e+04, -1.54569832e+04,
       -1.52514314e+04, -1.44950770e+04, -1.44519637e+04, -1.40683526e+04,
       -1.38674784e+04, -1.37088987e+04, -1.34927835e+04, -1.32552808e+04,
       -1.22021490e+04, -1.11362172e+04, -1.08904246e+04, -9.56163462e+03,
       -6.47457699e+03, -5.68023607e+03])
        logvol: array([-0.00995033, -0.01990066, -0.02985099, -0.03980132, -0.04975165,
       -0.05970199, -0.06965232, -0.07960265, -0.08955298, -0.09950331,
       -0.10945364, -0.11940397, -0.1293543 , -0.13930463, -0.14925496,
       -0.15920529, -0.16915562, -0.17910596, -0.18905629, -0.19900662,
       -0.20895695, -0.21890728, -0.22885761, -0.23880794, -0.24875827,
       -0.2587086 , -0.26865893, -0.27860926, -0.28855959, -0.29850993,
       -0.30846026, -0.31841059, -0.32836092, -0.33831125, -0.34826158,
       -0.35821191, -0.36816224, -0.37811257, -0.3880629 , -0.39801323,
       -0.40796356, -0.4179139 , -0.42786423, -0.43781456, -0.44776489,
       -0.45771522, -0.46766555, -0.47761588, -0.48756621, -0.49751654,
       -0.50746687, -0.5174172 , -0.52736754, -0.53731787, -0.5472682 ,
       -0.55721853, -0.56716886, -0.57711919, -0.58706952, -0.59701985,
       -0.60697018, -0.61692051, -0.62687084, -0.63682117, -0.64677151,
       -0.65672184, -0.66667217, -0.6766225 , -0.68657283, -0.69652316,
       -0.70647349, -0.71642382, -0.72637415, -0.73632448, -0.74627481,
       -0.75622514, -0.76617548, -0.77612581, -0.78607614, -0.79602647,
       -0.8059768 , -0.81592713, -0.82587746, -0.83582779, -0.84577812,
       -0.85572845, -0.86567878, -0.87562912, -0.88557945, -0.89552978,
       -0.90548011, -0.91543044, -0.92538077, -0.9353311 , -0.94528143,
       -0.95523176, -0.96518209, -0.97513242, -0.98508275, -0.99503309,
       -1.00498342, -1.01493375, -1.02488408, -1.03483441, -1.04478474,
       -1.05473507, -1.0646854 , -1.07463573, -1.08458606, -1.09453639,
       -1.10448672, -1.11443706, -1.12438739, -1.13433772, -1.14428805,
       -1.15423838, -1.16418871, -1.17413904, -1.18408937, -1.1940397 ,
       -1.20399003, -1.21394036, -1.22389069, -1.23384103, -1.24379136,
       -1.25374169, -1.26369202, -1.27364235, -1.28359268, -1.29354301,
       -1.30349334, -1.31344367, -1.323394  , -1.33334433, -1.34329467,
       -1.353245  , -1.36319533, -1.37314566, -1.38309599, -1.39304632,
       -1.40299665, -1.41294698, -1.42289731, -1.43284764, -1.44279797,
       -1.4527483 , -1.46269864, -1.47264897, -1.4825993 , -1.49254963,
       -1.50249996, -1.51245029, -1.52240062, -1.53235095, -1.54230128,
       -1.55225161, -1.56220194, -1.57215227, -1.58210261, -1.59205294,
       -1.60200327, -1.6119536 , -1.62190393, -1.63185426, -1.64180459,
       -1.65175492, -1.66170525, -1.67165558, -1.68160591, -1.69155625,
       -1.70150658, -1.71145691, -1.72140724, -1.73135757, -1.7413079 ,
       -1.75125823, -1.76120856, -1.77115889, -1.78110922, -1.79105955,
       -1.80100988, -1.81096022, -1.82091055, -1.83086088, -1.84081121,
       -1.85076154, -1.86071187, -1.8706622 , -1.88061253, -1.89056286,
       -1.90051319, -1.91046352, -1.92041385, -1.93036419, -1.94031452,
       -1.95026485, -1.96021518, -1.97016551, -1.98011584, -1.99006617,
       -2.0000165 , -2.00996683, -2.01991716, -2.02986749, -2.03981782,
       -2.04976816, -2.05971849, -2.06966882, -2.07961915, -2.08956948,
       -2.09951981, -2.10947014, -2.11942047, -2.1293708 , -2.13932113,
       -2.14927146, -2.1592218 , -2.16917213, -2.17912246, -2.18907279,
       -2.19902312, -2.20897345, -2.21892378, -2.22887411, -2.23882444,
       -2.24877477, -2.2587251 , -2.26867543, -2.27862577, -2.2885761 ,
       -2.29852643, -2.30847676, -2.31842709, -2.32837742, -2.33832775,
       -2.34827808, -2.35822841, -2.36817874, -2.37812907, -2.3880794 ,
       -2.39802974, -2.40798007, -2.4179304 , -2.42798073, -2.4381331 ,
       -2.4483896 , -2.45875239, -2.46922369, -2.4798058 , -2.49050109,
       -2.50131201, -2.51224108, -2.52329091, -2.53446421, -2.54576377,
       -2.55719246, -2.56875329, -2.58044933, -2.59228378, -2.60425998,
       -2.61638134, -2.62865143, -2.64107395, -2.65365273, -2.66639176,
       -2.67929516, -2.69236724, -2.70561247, -2.71903549, -2.73264114,
       -2.74643446, -2.76042071, -2.77460534, -2.78899408, -2.80359288,
       -2.81840796, -2.83344584, -2.84871331, -2.8642175 , -2.87996586,
       -2.8959662 , -2.91222672, -2.92875602, -2.94556314, -2.96265757,
       -2.98004932, -2.99774889, -3.0157674 , -3.03411654, -3.05280867,
       -3.07185686, -3.09127495, -3.11107758, -3.13128029, -3.15189957,
       -3.17295298, -3.19445919, -3.21643809, -3.23891095, -3.26190047,
       -3.28543097, -3.30952852, -3.33422113, -3.35953894, -3.38551442,
       -3.41218267, -3.43958164, -3.46775252, -3.49674006, -3.52659302,
       -3.55736468, -3.58911338, -3.6219032 , -3.65580475, -3.69089607,
       -3.72726372, -3.76500405, -3.80422476, -3.84504675, -3.88760637,
       -3.93205813, -3.97857815, -4.02736831, -4.0786616 , -4.13272883,
       -4.18988724, -4.25051186, -4.31505038, -4.38404325, -4.45815123,
       -4.53819393, -4.62520531, -4.72051549, -4.82587601, -4.94365904,
       -5.07719043, -5.23134111, -5.41366267, -5.63680622, -5.92448829,
       -6.3299534 , -7.02310058])
          logz: array([-1.15221211e+15, -3.07579485e+14, -1.74819793e+14, -1.00510749e+14,
       -2.83508877e+13, -1.13821058e+13, -8.91725308e+12, -4.58959184e+12,
       -3.63632374e+12, -3.55774710e+12, -1.74652152e+12, -9.92243734e+11,
       -9.43447888e+11, -8.13686547e+11, -7.60031570e+11, -7.10912680e+11,
       -6.95296652e+11, -4.60998115e+11, -2.02678066e+11, -1.68630929e+11,
       -1.41453807e+11, -1.10438923e+11, -6.30416296e+10, -3.37062392e+10,
       -2.20455636e+10, -1.60742675e+10, -1.44731615e+10, -1.39442138e+10,
       -1.21954438e+10, -9.80222605e+09, -9.02779437e+09, -6.41118788e+09,
       -5.40892147e+09, -4.86148515e+09, -3.14503430e+09, -2.40043424e+09,
       -2.38597095e+09, -1.91352765e+09, -1.10182947e+09, -9.01354722e+08,
       -6.19728529e+08, -5.76749536e+08, -5.44303397e+08, -5.26005836e+08,
       -3.92435765e+08, -3.46567648e+08, -3.45716406e+08, -2.89690372e+08,
       -2.64664829e+08, -2.42996349e+08, -2.23052296e+08, -1.82749548e+08,
       -1.63334404e+08, -1.54583757e+08, -1.39792578e+08, -9.06767960e+07,
       -9.00846055e+07, -8.34928226e+07, -7.41474272e+07, -6.58362309e+07,
       -5.47611465e+07, -3.71737443e+07, -2.67938733e+07, -2.33254577e+07,
       -1.74450081e+07, -1.57051694e+07, -1.48062988e+07, -1.22290437e+07,
       -1.17292171e+07, -9.44778922e+06, -8.56721400e+06, -8.08807842e+06,
       -6.75631897e+06, -6.07533561e+06, -4.63882077e+06, -4.60758413e+06,
       -3.78660505e+06, -3.58655725e+06, -3.57912207e+06, -3.44634589e+06,
       -3.38308721e+06, -2.75976873e+06, -1.93478391e+06, -1.62266419e+06,
       -1.54840241e+06, -9.66762794e+05, -8.88256126e+05, -7.70311355e+05,
       -6.17192191e+05, -6.14331112e+05, -5.88538616e+05, -4.34093227e+05,
       -4.18416024e+05, -3.45728971e+05, -3.30813408e+05, -3.20178697e+05,
       -2.46602814e+05, -2.12550998e+05, -2.09492628e+05, -1.87881557e+05,
       -1.65449708e+05, -1.39385293e+05, -1.31044830e+05, -1.21848172e+05,
       -1.14595775e+05, -1.10845522e+05, -1.07312236e+05, -9.63685607e+04,
       -8.94945691e+04, -8.51311107e+04, -8.48087766e+04, -8.42648647e+04,
       -8.40148317e+04, -8.36476733e+04, -8.35839261e+04, -8.32846295e+04,
       -8.32087674e+04, -8.31773595e+04, -8.30540132e+04, -8.29999013e+04,
       -8.29483263e+04, -8.27963495e+04, -8.26801241e+04, -8.25076580e+04,
       -8.23024344e+04, -8.22829967e+04, -8.22544083e+04, -8.19661789e+04,
       -8.14233850e+04, -8.11928002e+04, -8.09401792e+04, -8.07585593e+04,
       -8.06660846e+04, -8.04483524e+04, -8.03725864e+04, -8.01240290e+04,
       -8.00959269e+04, -8.00876507e+04, -8.00603425e+04, -8.00423914e+04,
       -7.92987355e+04, -7.91697806e+04, -7.90926078e+04, -7.86900845e+04,
       -7.86744886e+04, -7.85202020e+04, -7.82421196e+04, -7.80680434e+04,
       -7.79690709e+04, -7.79665490e+04, -7.78036545e+04, -7.77672531e+04,
       -7.77660417e+04, -7.72629891e+04, -7.70231152e+04, -7.60534939e+04,
       -7.58773264e+04, -7.55170196e+04, -7.42907356e+04, -7.33623547e+04,
       -7.33276608e+04, -7.29704374e+04, -7.28425338e+04, -7.21237830e+04,
       -7.19519603e+04, -7.13783360e+04, -7.11786922e+04, -7.09035347e+04,
       -7.06833900e+04, -6.97808089e+04, -6.95208992e+04, -6.95133423e+04,
       -6.94261060e+04, -6.86331789e+04, -6.85931130e+04, -6.85554679e+04,
       -6.85266570e+04, -6.81887956e+04, -6.73975359e+04, -6.72693606e+04,
       -6.70008720e+04, -6.66902709e+04, -6.65633145e+04, -6.60088678e+04,
       -6.57979975e+04, -6.51007748e+04, -6.48537366e+04, -6.44748846e+04,
       -6.44016451e+04, -6.43697746e+04, -6.33665162e+04, -6.28597738e+04,
       -6.19048386e+04, -6.17876692e+04, -6.10506214e+04, -6.08711800e+04,
       -6.07811668e+04, -6.00506700e+04, -5.97720042e+04, -5.91549004e+04,
       -5.84321225e+04, -5.82429225e+04, -5.81455842e+04, -5.81189745e+04,
       -5.78018498e+04, -5.75379245e+04, -5.73018564e+04, -5.72617616e+04,
       -5.69631921e+04, -5.65583801e+04, -5.64698916e+04, -5.61016454e+04,
       -5.46264460e+04, -5.43436139e+04, -5.42824900e+04, -5.42260799e+04,
       -5.41132005e+04, -5.38002098e+04, -5.36133807e+04, -5.34520381e+04,
       -5.33087288e+04, -5.30361213e+04, -5.29512248e+04, -5.28266451e+04,
       -5.25604134e+04, -5.19107921e+04, -5.15451469e+04, -5.15088811e+04,
       -5.11708210e+04, -5.08079816e+04, -5.06692962e+04, -5.04893929e+04,
       -5.03415052e+04, -5.02399652e+04, -4.99623022e+04, -4.99476419e+04,
       -4.96428005e+04, -4.94570419e+04, -4.92021049e+04, -4.83434118e+04,
       -4.75389427e+04, -4.75219545e+04, -4.64747345e+04, -4.61725145e+04,
       -4.60554651e+04, -4.58162849e+04, -4.54815128e+04, -4.54268000e+04,
       -4.46534193e+04, -4.44325360e+04, -4.42557837e+04, -4.35300144e+04,
       -4.33234157e+04, -4.25119169e+04, -4.24129141e+04, -4.08213595e+04,
       -4.05339536e+04, -4.03610497e+04, -3.97691312e+04, -3.97430461e+04,
       -3.96892567e+04, -3.95169756e+04, -3.89957787e+04, -3.88192120e+04,
       -3.83694215e+04, -3.80775799e+04, -3.73437274e+04, -3.65604043e+04,
       -3.65513927e+04, -3.63089436e+04, -3.62215886e+04, -3.61273555e+04,
       -3.59676954e+04, -3.58995745e+04, -3.57573359e+04, -3.55996052e+04,
       -3.54029736e+04, -3.52941528e+04, -3.51330262e+04, -3.46985898e+04,
       -3.43995497e+04, -3.43800126e+04, -3.40038155e+04, -3.37364674e+04,
       -3.35672288e+04, -3.34595909e+04, -3.24125846e+04, -3.23616859e+04,
       -3.15160919e+04, -3.13582109e+04, -3.11824011e+04, -3.09487272e+04,
       -3.08931557e+04, -3.08837958e+04, -3.08402612e+04, -3.04771553e+04,
       -2.97272386e+04, -2.96500257e+04, -2.90583584e+04, -2.87698175e+04,
       -2.87548160e+04, -2.87260295e+04, -2.76972160e+04, -2.75854530e+04,
       -2.74567405e+04, -2.72618007e+04, -2.72536783e+04, -2.71536513e+04,
       -2.67978402e+04, -2.62397305e+04, -2.61420624e+04, -2.47185315e+04,
       -2.42400769e+04, -2.28304837e+04, -2.22479036e+04, -2.19582286e+04,
       -2.17866793e+04, -2.07450100e+04, -2.04414158e+04, -2.00340057e+04,
       -1.97533884e+04, -1.85110689e+04, -1.83029119e+04, -1.80442011e+04,
       -1.74310546e+04, -1.70012277e+04, -1.64686803e+04, -1.54646994e+04,
       -1.52591477e+04, -1.45027932e+04, -1.44596799e+04, -1.40760688e+04,
       -1.38751947e+04, -1.37166149e+04, -1.35004998e+04, -1.32629971e+04,
       -1.22098653e+04, -1.11439334e+04, -1.08981408e+04, -9.56935087e+03,
       -6.48229324e+03, -5.68795232e+03])
   batch_nlive: array([100])
  batch_bounds: array([[-inf,  inf]])
          blob: array([None, None, None, None, None, None, None, None, None, None, None,
       None, None, None, None, None, None, None, None, None, None, None,
       None, None, None, None, None, None, None, None, None, None, None,
       None, None, None, None, None, None, None, None, None, None, None,
       None, None, None, None, None, None, None, None, None, None, None,
       None, None, None, None, None, None, None, None, None, None, None,
       None, None, None, None, None, None, None, None, None, None, None,
       None, None, None, None, None, None, None, None, None, None, None,
       None, None, None, None, None, None, None, None, None, None, None,
       None, None, None, None, None, None, None, None, None, None, None,
       None, None, None, None, None, None, None, None, None, None, None,
       None, None, None, None, None, None, None, None, None, None, None,
       None, None, None, None, None, None, None, None, None, None, None,
       None, None, None, None, None, None, None, None, None, None, None,
       None, None, None, None, None, None, None, None, None, None, None,
       None, None, None, None, None, None, None, None, None, None, None,
       None, None, None, None, None, None, None, None, None, None, None,
       None, None, None, None, None, None, None, None, None, None, None,
       None, None, None, None, None, None, None, None, None, None, None,
       None, None, None, None, None, None, None, None, None, None, None,
       None, None, None, None, None, None, None, None, None, None, None,
       None, None, None, None, None, None, None, None, None, None, None,
       None, None, None, None, None, None, None, None, None, None, None,
       None, None, None, None, None, None, None, None, None, None, None,
       None, None, None, None, None, None, None, None, None, None, None,
       None, None, None, None, None, None, None, None, None, None, None,
       None, None, None, None, None, None, None, None, None, None, None,
       None, None, None, None, None, None, None, None, None, None, None,
       None, None, None, None, None, None, None, None, None, None, None,
       None, None, None, None, None, None, None, None, None, None, None,
       None, None, None, None, None, None, None, None, None, None, None,
       None], dtype=object)
       logzerr: array([0.        , 0.        , 0.        , 0.        , 0.        ,
       0.        , 0.        , 0.        , 0.        , 0.        ,
       0.        , 0.        , 0.        , 0.        , 0.        ,
       0.        , 0.        , 0.        , 0.        , 0.        ,
       0.        , 0.        , 0.        , 0.        , 0.        ,
       0.        , 0.        , 0.        , 0.        , 0.        ,
       0.        , 0.        , 0.        , 0.        , 0.        ,
       0.        , 0.        , 0.        , 0.        , 0.        ,
       0.        , 0.        , 0.        , 0.        , 0.        ,
       0.        , 0.        , 0.        , 0.        , 0.        ,
       0.        , 0.        , 0.        , 0.        , 0.        ,
       0.        , 0.        , 0.        , 0.        , 0.        ,
       0.        , 0.        , 0.        , 0.        , 0.        ,
       0.        , 0.        , 0.        , 0.        , 0.        ,
       0.        , 0.        , 0.        , 0.        , 0.        ,
       0.        , 0.        , 0.        , 0.        , 0.        ,
       0.        , 0.        , 0.        , 0.        , 0.        ,
       0.        , 0.        , 0.        , 0.        , 0.        ,
       0.        , 0.        , 0.        , 0.        , 0.        ,
       0.        , 0.        , 0.        , 0.        , 0.        ,
       0.        , 0.        , 0.        , 0.        , 0.        ,
       0.        , 0.        , 0.        , 0.        , 0.        ,
       0.        , 0.        , 0.        , 0.        , 0.        ,
       0.        , 0.        , 0.        , 0.        , 0.        ,
       0.        , 0.        , 0.        , 0.        , 0.        ,
       0.        , 0.        , 0.        , 0.        , 0.        ,
       0.        , 0.        , 0.        , 0.        , 0.        ,
       0.        , 0.        , 0.        , 0.        , 0.        ,
       0.        , 0.        , 0.        , 0.        , 0.        ,
       0.        , 0.        , 0.        , 0.        , 0.        ,
       0.        , 0.        , 0.        , 0.        , 0.        ,
       0.        , 0.        , 0.        , 0.        , 0.        ,
       0.        , 0.        , 0.        , 0.        , 0.        ,
       0.        , 0.        , 0.        , 0.        , 0.        ,
       0.        , 0.        , 0.        , 0.        , 0.        ,
       0.        , 0.        , 0.        , 0.        , 0.        ,
       0.        , 0.        , 0.        , 0.        , 0.        ,
       0.        , 0.        , 0.        , 0.        , 0.        ,
       0.        , 0.        , 0.        , 0.        , 0.        ,
       0.        , 0.        , 0.        , 0.        , 0.        ,
       0.        , 0.        , 0.        , 0.        , 0.        ,
       0.        , 0.        , 0.        , 0.        , 0.        ,
       0.        , 0.        , 0.        , 0.        , 0.        ,
       0.        , 0.        , 0.        , 0.        , 0.        ,
       0.        , 0.        , 0.        , 0.        , 0.        ,
       0.        , 0.        , 0.        , 0.        , 0.        ,
       0.        , 0.        , 0.        , 0.        , 0.        ,
       0.        , 0.        , 0.        , 0.        , 0.        ,
       0.        , 0.        , 0.        , 0.        , 0.        ,
       0.        , 0.        , 0.        , 0.        , 0.        ,
       0.        , 0.        , 0.        , 0.        , 0.        ,
       0.        , 0.        , 0.        , 0.        , 0.        ,
       0.        , 0.        , 0.        , 0.        , 0.        ,
       0.        , 0.        , 0.        , 0.        , 0.        ,
       0.        , 0.        , 0.        , 0.        , 0.        ,
       0.        , 0.        , 0.        , 0.        , 0.        ,
       0.        , 0.        , 0.        , 0.        , 0.        ,
       0.        , 0.        , 0.        , 0.        , 0.        ,
       0.        , 0.        , 0.        , 0.        , 0.        ,
       0.        , 0.        , 0.        , 0.        , 0.        ,
       0.        , 0.        , 0.        , 0.        , 0.        ,
       0.        , 0.        , 0.        , 0.        , 0.        ,
       0.        , 0.        , 0.        , 0.        , 0.        ,
       0.        , 0.        , 0.        , 0.        , 0.        ,
       0.        , 0.        , 0.        , 0.        , 0.        ,
       0.        , 0.        , 0.        , 0.        , 0.        ,
       0.        , 0.        , 0.        , 0.        , 0.        ,
       0.        , 0.        , 0.        , 0.        , 0.        ,
       0.        , 2.31268143])
   information: array([0.        , 0.        , 0.        , 0.        , 0.        ,
       0.        , 0.        , 0.        , 0.        , 0.        ,
       0.        , 0.        , 0.        , 0.        , 0.        ,
       0.        , 0.        , 0.        , 0.        , 0.        ,
       0.        , 0.        , 0.        , 0.        , 0.        ,
       0.        , 0.        , 0.        , 0.        , 0.        ,
       0.        , 0.        , 0.        , 0.        , 0.        ,
       0.        , 0.        , 0.        , 0.        , 0.        ,
       0.        , 0.        , 0.        , 0.        , 0.        ,
       0.        , 0.        , 0.        , 0.        , 0.        ,
       0.        , 0.        , 0.        , 0.        , 0.        ,
       0.        , 0.        , 0.        , 0.        , 0.        ,
       0.        , 0.        , 0.        , 0.        , 0.        ,
       0.        , 0.        , 0.        , 0.        , 0.        ,
       0.        , 0.        , 0.        , 0.        , 0.        ,
       0.        , 0.        , 0.        , 0.        , 0.        ,
       0.        , 0.        , 0.        , 0.        , 0.        ,
       0.        , 0.        , 0.        , 0.        , 0.        ,
       0.        , 0.        , 0.        , 0.        , 0.        ,
       0.        , 0.        , 0.        , 0.        , 0.        ,
       0.        , 0.        , 0.        , 0.        , 0.        ,
       0.        , 0.        , 0.        , 0.        , 0.        ,
       0.        , 0.        , 0.        , 0.        , 0.        ,
       0.        , 0.        , 0.        , 0.        , 0.        ,
       0.        , 0.        , 0.        , 0.        , 0.        ,
       0.        , 0.        , 0.        , 0.        , 0.        ,
       0.        , 0.        , 0.        , 0.        , 0.        ,
       0.        , 0.        , 0.        , 0.        , 0.        ,
       0.        , 0.        , 0.        , 0.        , 0.        ,
       0.        , 0.        , 0.        , 0.        , 0.        ,
       0.        , 0.        , 0.        , 0.        , 0.        ,
       0.        , 0.        , 0.        , 0.        , 0.        ,
       0.        , 0.        , 0.        , 0.        , 0.        ,
       0.        , 0.        , 0.        , 0.        , 0.        ,
       0.        , 0.        , 0.        , 0.        , 0.        ,
       0.        , 0.        , 0.        , 0.        , 0.        ,
       0.        , 0.        , 0.        , 0.        , 0.        ,
       0.        , 0.        , 0.        , 0.        , 0.        ,
       0.        , 0.        , 0.        , 0.        , 0.        ,
       0.        , 0.        , 0.        , 0.        , 0.        ,
       0.        , 0.        , 0.        , 0.        , 0.        ,
       0.        , 0.        , 0.        , 0.        , 0.        ,
       0.        , 0.        , 0.        , 0.        , 0.        ,
       0.        , 0.        , 0.        , 0.        , 0.        ,
       0.        , 0.        , 0.        , 0.        , 0.        ,
       0.        , 0.        , 0.        , 0.        , 0.        ,
       0.        , 0.        , 0.        , 0.        , 0.        ,
       0.        , 0.        , 0.        , 0.        , 0.        ,
       0.        , 0.        , 0.        , 0.        , 0.        ,
       0.        , 0.        , 0.        , 0.        , 0.        ,
       0.        , 0.        , 0.        , 0.        , 0.        ,
       0.        , 0.        , 0.        , 0.        , 0.        ,
       0.        , 0.        , 0.        , 0.        , 0.        ,
       0.        , 0.        , 0.        , 0.        , 0.        ,
       0.        , 0.        , 0.        , 0.        , 0.        ,
       0.        , 0.        , 0.        , 0.        , 0.        ,
       0.        , 0.        , 0.        , 0.        , 0.        ,
       0.        , 0.        , 0.        , 0.        , 0.        ,
       0.        , 0.        , 0.        , 0.        , 0.        ,
       0.        , 0.        , 0.        , 0.        , 0.        ,
       0.        , 0.        , 0.        , 0.        , 0.        ,
       0.        , 0.        , 0.        , 0.        , 0.        ,
       0.        , 0.        , 0.        , 0.        , 0.        ,
       0.        , 0.        , 0.        , 0.        , 0.        ,
       0.        , 0.        , 0.        , 0.        , 0.        ,
       0.        , 0.        , 0.        , 0.        , 0.        ,
       0.        , 0.        , 0.        , 0.        , 0.        ,
       0.        , 0.        , 0.        , 0.        , 0.        ,
       0.        , 7.71624777])

opt_result: None

