0.19259187746668227
0.06884370285268136
0.05825900534503061
0.056656170088945405
0.18392718894725887
0.10773995911191907
0.05507391176475285
0.13135622211600498
0.1903194664083921
0.04223753644153505
0.13895337874899064
0.06645048065668493
0.04761781987497229
0.08338219427802784
0.3727609948689749
0.06016796943196965
0.6202414553516243
0.3264353748952938
6.401992070235298
7.089959299981868
18.305247219093406
40.81556794581921
38.74795499945865
120.21718340899076
200.40982017713247
1436.962124146662
