0.004669212067810031
0.0033663824343687448
0.0027941091938322856
0.005200753340044904
0.004729718497093482
0.006309519864041036
0.0028560290632378285
0.007189113002065409
0.004518112433676219
0.005767636551602742
0.0023818338151637415
0.003909215652156484
0.0031932775300383912
0.010235382619563662
0.00327524366933019
-0.006581358955745992
-4.9805744001086015e-05
-0.1192982119486939
-0.1131808219728311
-0.1378132413886764
-0.2927674451621025
-0.1474607142095447
-0.300077945913875
-0.42810717081513594
0.5894427376075428
