0.014039217114759694
0.010710738547396959
0.01021162190461844
0.03858786785940834
0.020029510003463032
0.009697758334045932
0.02408230239114459
0.03688681134651827
0.006504861403311709
0.026147745321372935
0.010321507897505395
0.0065830810329315665
0.011130465672223831
0.04739020252560852
0.00870830544786751
0.07002854235269843
0.03534473865269273
0.11133213091041394
0.11640909991156918
0.2487000305459299
0.34444025993026056
0.38140943092997237
0.7402438219790645
1.0444607414715952
4.614575544563527
