-0.0016483924715144785
0.008091114143146139
0.0020608864622172133
0.004214341029616427
0.0020606521443469186
0.010775863195114588
0.004725765669602356
0.015420100133642456
0.0022957098969175836
0.0035289386635961716
0.0062013524692238805
0.003661350471282141
0.003917619483390642
0.0028010501212667547
0.007812536593314484
0.0038838604744176786
0.008166072646697976
0.007350151660032471
-0.14558541749396006
-0.10079056633492653
-0.15421081582274354
-0.113734487367671
-0.3931674301759283
-0.5193411155565659
-0.5949410653512428
-0.26944306983760136
