0.019364501192637128
0.01351720397953139
0.009072473684239073
0.008567791430420583
0.02125349640849539
0.016220318040911764
0.008910743176065607
0.020924628009915854
0.022998472655867894
0.0058288334942426115
0.015226758163514072
0.00867819985162136
0.006197104224073283
0.011354839968159716
0.050910016902529706
0.007598881931385767
0.07173875105397023
0.03531855024235167
0.09239257836892178
0.10671239933659041
0.24856082088647488
0.34963775599733227
0.38778751452006294
0.8203950079175137
1.111307406110644
5.300228252084634
