1653
2218
2446
3180
4172
4920
5141
5713
6137
6173
7220
7423
7699
8428
9796
10252
10271
10418
10996
11011
11457
11583
11657
11788
11861
12326
12526
12678
12685
12702
12766
12945
13405
13558
13731
15138
15720
16699
17202
17264
17420
18044
18046
18239
18286
20897
21334
21387
21406
21468
22015
22193
22980
24168
24516
25518
25526
25802
27503
27603
28799
29402
29433
30272
30333
30517
30849
30865
30902
31310
32275
32344
32373
33034
33309
33919
35150
35922
36216
37142
37458
37968
38115
38123
39304
39639
39678
40324
40557
40657
40916
41223
41518
42570
42645
43290
44487
44726
46349
47586
48213
48464
48972
49054
50209
50575
50671
50726
50834
51718
52569
52752
52913
53527
54966
55714
56456
56788
57250
57378
57482
57489
57765
59339
59401
60936
61019
61358
61416
61517
62446
62850
63212
64142
64312
65185
65369
65589
66293
66941
67832
68367
68897
68924
69282
70836
71397
72841
73865
73878
74342
74794
75068
76035
76576
77465
77649
79311
79934
80421
80550
82298
83087
85218
87722
88577
89718
89883
90684
143212
159233
162309
165562
165595
167622
168445
172453
172510
173080
173624
173679
174601
174693
175081
175729
175837
176151
176748
177294
177322
177323
177431
178175
178721
178722
179483
179485
179631
179680
179951
180445
180642
182375
183348
183592
184201
184202
184976
186093
188180
188607
191483
223357
225235
231488
231719
231891
232533
233146
234023
234027
234086
234176
234431
234549
235085
235093
235219
235273
235327
235482
235870
236407
236594
237392
237426
237524
237596
237807
237985
238635
238802
239409
240260
240392
240558
240641
241442
241597
241957
242228
242564
246159
248642
258343
258790
260118
262556
272841
273521
278127
278294
278807
278970
279640
279648
279971
282585
282720
283023
283024
283487
283613
283945
284037
284181
284343
284572
287019
289913
290221
290646
294810
296077
296087
299811
302101
332743
339148
342599
343416
343555
343853
343914
344289
344861
344970
346601
348974
349087
349123
354282
354289
354573
376573
377520
380203
383841
389218
391934
392527
393004
393027
396847
396866
397170
398654
399042
400017
402828
402861
402869
404274
404990
404991
404993
405068
405834
407620
408034
408540
409337
409542
410918
411040
411832
412235
413388
414822
414896
415058
415550
415674
416225
416302
418442
418757
418793
419376
420299
420300
421238
423134
423978
424500
425514
425552
425963
426894
427373
427828
427948
428365
428473
432487
432568
433386
433765
433835
434180
435017
435106
436031
436198
436709
439379
440004
441080
446315
446475
446779
447682
447848
449265
450473
452088
452106
452107
452108
453187
453294
453385
454554
454620
455590
457551
457802
458055
459050
459904
459911
460029
460607
462180
462206
462207
462208
462216
462399
463424
463444
463518
465273
466186
466670
466823
466902
467144
467683
468185
468217
469153
469217
469348
469779
469979
470387
470678
470709
471221
471553
472683
472707
473024
473044
473326
473327
474689
475216
475727
475751
476193
476224
476330
477285
477540
478908
478963
479799
479883
480125
481177
481780
482260
482757
483014
483015
483963
484970
485619
485973
486455
487405
487940
488398
489613
489622
490107
490151
490747
490751
491173
492249
492271
492624
492671
492773
493466
494695
495038
495186
495270
495369
495455
495517
496610
496885
497839
498115
498728
498748
498913
498939
499984
500141
500345
500465
501166
501550
501614
502082
502188
502208
502450
502497
502595
503714
503989
504396
504702
505051
505161
505284
506835
507250
507273
507472
507498
507636
508028
508167
509020
509272
509706
511048
511065
511623
512296
512624
512976
513223
513913
513941
515154
515448
515652
515972
516493
517103
517189
517395
518329
518344
518480
518557
518703
519367
519471
519645
520064
520132
520327
520764
520959
521571
521722
521814
521861
522927
523217
523603
523863
524865
525895
526310
526571
527175
527499
527658
528696
529604
530337
530555
531525
532724
533167
533291
533338
533401
534783
535995
536176
536644
537617
537633
538616
538647
538742
540329
541658
541950
542817
542999
543701
546405
547743
548233
550268
805282
816347
1086928
1088454
1088668
1089713
1089838
1090232
1090419
1091505
1095105
1104120
1124409
1127846
1128224
1128351
1129032
1129309
1129673
1129829
1130159
1130708
1131358
1131384
1131465
1131500
1131982
1132140
1132252
1132485
1132641
1133054
1133095
1133714
1133807
1133973
1134099
1135246
1135343
1135946
1136291
1136592
1136676
1136977
1137367
1137604
1137638
1137901
1138010
1138052
1138153
1138412
1138483
1138908
1138965
1139136
1139383
1139626
1139685
1139746
1140308
1140338
1140579
1140654
1141140
1141287
1141426
1141570
1142042
1142078
1142109
1142113
1142122
1142135
1142410
1142615
1142872
1142910
1142926
1143046
1143104
1143119
1143196
1143225
1143437
1143585
1143638
1143817
1143866
1143868
1143875
1143910
1144054
1144346
1144889
1144969
1145744
1146058
1146072
1146136
1146309
1146815
1147864
1148388
1149133
1149235
1149680
1149889
1150086
1150254
1150408
1150551
1150928
1152476
1153862
1154606
1154658
1154832
1155544
1156476
1157014
1158254
1158280
1159175
1159176
1159334
1159335
1159644
1160101
1160541
1160784
1161081
1161508
1161954
1162117
1162294
1162427
1162509
1163558
1163645
1163901
1164529
1164923
1165592
1173713
1174218
1176025
1189489
1191272
1201121
1204775
1205735
1206014
1206327
1209414
1217554
1224138
1224822
1227652
1230266
1238724
1243951
1245591
1248649
1248915
1254513
1254609
1256258
1257856
2025965
3295320
3295873
3298703
