2218
2446
4172
4920
5713
7699
8428
9796
10252
10271
10418
10996
11457
11657
11861
12678
12702
12766
12945
13558
13731
15138
16699
17264
17420
18044
18046
18239
20897
22015
22980
24168
24516
25518
25526
27503
27603
28799
29402
29433
30272
30333
30517
30849
30865
31310
32275
32344
32373
33034
33309
33919
35150
35922
36216
37142
37458
37968
38115
38123
39304
39639
39678
40557
40657
40916
42570
44487
44726
46349
47586
48464
48972
49054
50209
50575
50671
50726
50834
51718
52569
52752
52913
53527
54533
56456
56788
57250
57378
57482
57489
59339
61019
61358
61416
61517
62446
62850
63212
64142
64312
65185
65369
65589
66941
67832
68367
68897
68924
69282
70836
71397
71597
72841
73568
73865
73878
74342
74794
75068
75862
76035
77159
77465
77649
79311
79934
80421
82060
82298
84402
85692
88373
89745
159233
162309
165562
165595
167622
168445
172453
172510
173080
173624
173679
174601
174693
175081
175729
175837
176151
176748
177294
177431
178175
179483
179485
179631
179680
179951
180445
180642
182375
183348
183592
184201
184202
184976
186093
187501
188180
188607
190104
224297
225235
256221
258790
260118
273521
275162
275184
278807
279640
279971
280142
280143
280230
283023
283024
283487
283613
283945
284037
284181
284343
284537
290221
290646
296077
296087
332743
348974
349087
349123
376573
389218
391453
391625
391934
393004
393027
394296
394353
396847
396866
397170
398654
399042
400325
402861
402869
404990
404991
404993
405834
408424
408540
409542
409986
410093
410918
411040
411832
412235
412466
413987
415058
415674
416616
417042
418757
418793
421238
421695
421916
423134
423965
423978
424838
424994
425514
425552
425963
432487
433386
435017
435043
435106
436031
437089
446315
446475
447682
447848
449265
450847
451820
452106
452107
452108
452238
452356
453294
453385
454712
454713
455590
457551
459911
460029
462180
462206
462207
462208
462216
462894
463268
463269
463518
465429
466128
466823
467144
468018
468185
468217
469153
469779
469797
470387
470709
470770
471221
473024
474185
474689
475751
476224
477285
478220
478963
481780
482757
482922
484981
485619
487940
488274
488398
489572
489613
490735
490747
491173
494695
495038
495270
495455
495517
496273
496384
496885
497143
498115
498748
498913
499935
499984
500273
501614
502082
502208
502497
502595
502765
503714
503885
503989
504189
504319
504396
505051
505284
505799
507250
507472
509020
509272
510214
510792
511048
511065
511623
511682
512296
512976
513123
513560
515154
515630
515671
516493
517103
517189
517395
518329
518344
518703
520064
520327
520737
520930
521861
525710
525834
525895
526242
526571
527175
527207
528696
529013
530555
532724
533167
533760
534606
534783
535995
536503
537617
538087
538616
538742
540329
541458
541950
542817
545645
546152
546372
546589
547314
548059
548233
550268
1010260
1010268
1011069
1011070
1011185
1013643
1013732
1017740
1019245
1086928
1088454
1088668
1089381
1091647
1102765
1102771
1127846
1128224
1128351
1129032
1129309
1131465
1131982
1132485
1133973
1134099
1135343
1135946
1136676
1137604
1138412
1139136
1139685
1140654
1141140
1142042
1142078
1142109
1142113
1142135
1142410
1142615
1143225
1143638
1143868
1144054
1144889
1145744
1148388
1153862
1158254
1158280
1159644
1161081
1162294
1162427
1162509
1163645
1171483
1173713
1174218
1191272
1201121
1204775
1206327
1209414
1224822
1238724
1243951
1245591
1248649
1248915
1254513
1254609
1256258
1257856
2019018
2020449
3292540
3292684
3293181
3293423
3293489
3294667
3294770
3295033
3295250
3295483
3295941
3296534
3296678
3296783
3298703
