82060
84402
85692
88373
88792
89745
90359
94193
94934
96444
96641
97312
97371
98304
99452
100072
100210
101510
101928
103314
103325
104259
106208
107038
108337
109791
110306
110748
111725
111820
112004
112872
114716
116545
118221
121270
122443
123108
124625
125566
126225
126494
127137
127643
128695
128771
129399
129535
130115
130158
131067
131253
132769
132849
134861
137744
138006
140467
141084
142406
190104
190996
194245
194809
195913
195914
198851
203922
207868
213084
228560
229399
230081
230851
231236
256221
262985
263272
263349
263462
264161
265503
266264
275184
275933
276354
284537
291673
297356
305646
307057
307349
308753
309015
310047
310224
314319
332941
400706
406427
406812
424994
438053
438895
443294
457181
461112
503194
513860
526242
546589
1086928
1088454
1088668
1124409
1127846
1128224
1128351
1129032
1129673
1131465
1131982
1132485
1133973
1134099
1135343
1135946
1137604
1139685
1153862
1158254
1158280
1159644
1191272
1201121
1204775
1205735
1206327
1209414
1224822
1238724
1241797
1243951
1248649
1248915
1254513
1254609
1256258
1257856
