0.0002811977560941917
0.003284989946427371
0.0029066615709203835
0.003908618789930576
0.002670757194707865
0.004144402125822268
0.004167478379397322
0.0032896414167419927
0.0005702160349316885
0.003489362356339828
0.002992601290512719
0.001723758175418351
0.003217084285965247
0.0015198987707383004
-0.0018742391202630554
0.0032870870832403774
-0.0020707253981064205
0.00024079469455500613
-0.010167565164370266
-0.006425043210906346
-0.004650921086556682
-0.0042535530984500695
-0.0014251004670821678
0.013732639989652382
-0.010820668261224596
0.2512758588758305
