0.004789163148503124
0.0018000530089925817
0.001513604591430981
0.001481067007540286
0.0047423327750943135
0.0027360397595250704
0.0014171791904294831
0.003363778703025549
0.004601671743169936
0.0009710884115986182
0.003188314904898756
0.001462303160281603
0.0010122270166047997
0.001793477980230339
0.00789963806809589
0.0012409169918107584
0.012648059208708085
0.006648238023428222
0.006739294128544913
0.007462867471974981
0.017433715587038923
0.026195917294564983
0.024503088565999545
0.04993453707342905
0.07119053862223679
0.31452253518322076
