25802
37925
41518
47586
50209
50726
51718
52569
52913
54533
56456
57250
58589
61019
61358
64312
68897
71597
74342
75862
77159
78233
81863
83496
84402
87643
89745
91060
94082
96444
96641
99067
99452
100072
100173
101510
102758
103325
105210
107038
108337
108929
111604
111725
113147
113702
114006
116545
117085
117270
118221
121003
126032
126225
126494
127451
128695
129399
130158
131067
131253
132769
132849
134644
136629
138200
138833
140467
141084
141195
141295
142087
142187
143884
145133
145978
147104
149086
149820
149962
151084
151180
152224
154619
155767
155902
155928
178175
183592
184976
188607
194809
197416
210838
215556
216713
227781
228560
230851
231236
236704
256221
263272
264161
264944
275933
277042
290646
291673
301466
302101
303909
304352
305209
305646
308753
310047
310527
314319
316240
526242
546589
