0.0035403604392503104
0.0013328434593034677
0.00114934329557313
0.001111573570615199
0.0031832941542360854
0.0017329577865892714
0.0010010315932896616
0.0022662405202576305
0.003191824598501924
0.0007537157188439569
0.001977308174170597
0.0011539555335753759
0.0007356383930020713
0.0013251721501182042
0.006187257691216834
0.000913035042246805
0.008965260862488908
0.005130301573856858
0.012862774014581128
0.013381871749558086
0.03311923338231328
0.04495262117247008
0.04130138172200261
0.0935950379260743
0.11726510283200564
0.619867106292755
