-0.00028352609816874265
0.003521709846012528
0.002983572290365037
0.00401710786527402
0.0023962494713685636
0.003465853326126622
0.0043239012996841965
0.003000598979343137
0.0005798257788661029
0.003614894451209033
0.0028650348570106792
0.0018661837702742393
0.0032415930144224967
0.0015099580909239182
-0.0011912407407260884
0.0032507876595693347
-0.002315674666191579
-0.000502593584358862
-0.03549252015423171
-0.03261365365316632
-0.026839490935610114
-0.0235365358837933
-0.007406950189943648
0.02316127739194741
-0.06473458338491185
1.1523368200487296
