7005.7231697039015
8980.009625910276
11487.564548773344
14942.552905135177
16256.379017665058
18423.223770830493
19791.710652009817
20936.045754893326
25020.945705756367
27466.05887248196
29858.47724983284
33584.29689291257
35514.909503567425
40779.588505069114
42801.3680513259
43811.401340962664
46288.43263125311
48161.131926343995
56151.76010882288
75911.00674620864
99230.40880294114
127677.13446721867
150078.8130858797
179391.12283132208
207002.33111882888
252770.85725618122
4300.20859021935
5811.077168659015
7640.503715843395
8038.214016835299
9111.780735963535
10482.439506096563
12425.736669968554
13830.609239409292
15326.49511221089
