795
1065
1653
2054
2335
2425
2987
3075
4064
5141
5936
6137
6173
6347
7220
7390
7423
8233
10346
10656
11011
11583
11788
12326
12526
12685
13405
15355
15720
17202
17264
18044
18286
21334
21387
21406
21468
22015
22193
24516
25526
25802
27503
27828
28304
29402
29433
30272
30517
30849
30902
32011
33919
36216
37142
37458
37925
38552
38979
39678
40324
40557
40916
41223
41518
42645
44487
45716
46349
47586
48464
48659
48972
50209
50575
50671
50726
50834
51718
52569
52752
52913
53527
54533
56456
56788
57250
57378
57489
58589
59339
61019
61358
61416
61517
62446
62850
63212
64142
64312
65185
65369
65589
66293
66941
67832
67939
68367
68897
68924
69282
70836
71397
71597
72841
73568
73865
73878
74342
74794
75068
75654
75862
76035
76576
77159
77465
77649
78233
79311
79934
80421
80550
81354
81863
82060
82298
83087
83305
83496
84402
84568
85218
85563
85692
86029
87643
87674
87722
87826
88172
88373
88577
88792
89110
89261
89711
89718
89745
89758
89883
89892
90359
90684
90842
90985
91060
91971
92420
92605
93705
93735
94082
94193
94359
94787
94934
95341
96216
96246
96444
96641
97312
97371
98204
98304
99067
99452
99855
99915
100072
100173
100210
100293
100663
100936
101510
101813
101868
101928
102092
102758
102915
103314
103325
103937
104259
104636
104879
105210
106208
106312
106396
106466
106556
107038
107094
107324
107441
107451
107501
107967
108337
108446
108929
109264
109350
109791
110306
110424
110748
110794
111190
111428
111604
111725
111790
111820
112004
112182
112872
113033
113147
113635
113702
114006
114127
114175
114324
114654
114716
115156
116545
116720
117085
117270
117897
118221
118663
118911
119765
121003
121270
121272
122329
122443
123108
124356
124625
124823
125061
125566
126032
126225
126494
127137
127451
127643
128278
128695
128771
129190
129399
129535
130115
130158
131067
131253
131635
132302
132769
132849
134644
134861
137419
137744
138006
138200
138638
138833
139896
139987
140467
141084
141195
141295
141624
142087
142187
142406
142500
142638
143212
143884
145014
145133
145680
145978
146321
146499
147104
147233
147356
148677
148708
149086
149820
149962
150297
150588
150638
150710
150735
151084
151180
151544
151937
152224
153547
153933
153971
154619
154974
155711
155767
155902
155928
155953
156178
156701
156705
168445
173624
173679
174601
175081
176151
176748
177294
177431
178175
179483
179485
179631
179680
179951
180445
180642
182375
183348
183592
184201
184202
184976
186093
187501
188180
188607
190104
190996
191095
191483
192042
193209
194215
194245
194809
195913
195914
197416
198851
198864
203922
207868
208258
210838
212782
212783
213084
214165
214829
215556
216713
218755
224156
224297
225235
227781
228560
228576
229399
230081
230851
231236
231488
231719
231891
232533
233146
234023
234027
234086
234176
234431
234549
234834
235085
235093
235219
235273
235327
235482
235870
236407
236594
236704
237392
237426
237524
237596
237807
237985
238635
238802
239409
240260
240392
240558
240641
241597
241957
242228
242564
246159
248642
256221
257733
257742
258343
258482
258790
260118
262556
262985
263272
263349
263462
263636
264086
264161
264488
264944
265503
265801
266264
266359
272841
273521
275162
275184
275933
276354
277042
277267
277811
278127
278294
278970
279648
279971
280142
280143
280230
282585
282720
283487
283945
284037
284181
284343
284537
284545
284572
286005
287019
289294
289913
290221
290646
291673
294810
296087
297083
297356
298591
298971
299015
299197
299455
299511
299559
299772
299811
300009
300053
300117
300168
300286
300391
300838
300987
301384
301466
301734
301806
302101
302377
303731
303909
304000
304211
304352
304365
304424
304564
304631
305209
305646
305702
305944
306786
306798
307034
307057
307349
307948
308058
308647
308708
308753
309015
309060
309294
309622
310047
310224
310527
311342
311669
314319
314875
315581
316229
316240
316532
316677
316817
316945
318868
319732
320728
321269
321642
322506
322509
322616
324754
325839
325858
326031
326426
330188
331719
332743
332751
332941
333082
333787
334323
334835
336987
337796
337992
338035
338857
339148
339440
346601
348974
349087
349123
377520
380203
382329
387437
392527
392592
392609
392628
395431
395777
395789
396041
396124
396130
397170
400706
401657
402339
402828
402861
402869
403154
403165
404932
405068
405834
406427
406812
407355
407424
407620
407992
408382
408384
408446
408979
409337
409525
410578
412106
413368
413388
414186
414271
414822
415058
416302
416872
416873
417413
418442
418793
419376
419542
420221
420239
420299
420300
420500
422465
423278
424994
425566
426815
428473
428955
431332
433334
434147
434851
435017
435879
436031
436198
436709
438053
438758
438760
439379
440004
441145
442076
442342
443197
443294
443427
443456
443846
446315
446779
447383
449265
449313
451822
451823
451824
451889
452131
452967
453160
453294
454199
454290
455624
456159
457181
457802
459175
459299
459777
459911
461112
461500
462160
464098
464514
465208
465209
465273
466128
466369
466902
467698
468143
469217
469348
469927
469979
470916
472352
472707
473560
474834
475216
475363
475571
475743
475930
476193
476684
476893
477311
477540
477548
477785
478908
479883
480125
480137
481026
481133
481177
482397
483641
483810
483963
484970
485125
486051
488036
488253
488641
489595
490458
490512
490751
491261
492249
492271
492671
492994
493428
494125
494339
495212
498115
498630
499474
499504
499626
500141
501166
501223
501290
501671
501882
502249
503050
503194
504189
504426
504702
505156
505161
505502
505745
506458
506835
507680
508028
508168
508731
508743
508986
509504
509706
510167
510554
510766
511179
511524
511682
512116
512226
512752
513059
513133
513309
513860
513869
514379
514504
515448
516113
516493
518080
518245
519471
520132
520229
520462
520645
521402
521722
522141
523029
523178
523603
523667
523962
524020
524178
524473
525494
525986
526242
526449
527499
527926
528082
528665
528979
529104
529548
529650
530144
530778
531200
531525
531611
532416
532724
532734
533338
533760
534372
534767
534874
535088
535581
536515
536644
536773
537563
537585
537633
538087
538647
538870
539685
540317
540934
541176
541845
542490
542724
542925
542999
543701
545277
545469
546405
546589
546745
547637
547743
549813
550040
550201
550268
550898
552770
554783
555489
816347
1000544
1000619
1001399
1002601
1003102
1003714
1004065
1004124
1004185
1004418
1004636
1005359
1005591
1005776
1005836
1006409
1007590
1008553
1008597
1009807
1010008
1010260
1010268
1010393
1010607
1011069
1011070
1011185
1011246
1011508
1011806
1011948
1012247
1012555
1013131
1013513
1013643
1013732
1014257
1016444
1017740
1017858
1019245
1019715
1020400
1023714
1023738
1023895
1024694
1027721
1037197
1038095
1038163
1039567
1041009
1041504
1041633
1042080
1042966
1043264
1043330
1043490
1043588
1044070
1044255
1044326
1045131
1045170
1045452
1045460
1045752
1046623
1046810
1046977
1047561
1047748
1049370
1050364
1050622
1050779
1050782
1051025
1052096
1052701
1053595
1053761
1054165
1055616
1055757
1056089
1056327
1056347
1056878
1057234
1057883
1058283
1058471
1058989
1059466
1059527
1059666
1059711
1059720
1059973
1060304
1060317
1061176
1061367
1061441
1061758
1061856
1062499
1062805
1062817
1062952
1063295
1063402
1063635
1063669
1064497
1065182
1065461
1065550
1066437
1066950
1074111
1074112
1075414
1075561
1079329
1080088
1080717
1081145
1082457
1082458
1082586
1084440
1086268
1086928
1088048
1088065
1088454
1088668
1089246
1089381
1089414
1089562
1089713
1089838
1090232
1090419
1090714
1091161
1091321
1091505
1091631
1091647
1095105
1095809
1100590
1102731
1102765
1102771
1104120
1104950
1108472
1124409
1127846
1128224
1128351
1129032
1129309
1129673
1129713
1130159
1131465
1131982
1133054
1133095
1136592
1136977
1137901
1138052
1138153
1138412
1138483
1138965
1139136
1139383
1139626
1139746
1140308
1140338
1140579
1140654
1141140
1141287
1142042
1142078
1142109
1142113
1142122
1142135
1142410
1142615
1143046
1143104
1143119
1143196
1143225
1143437
1143585
1143638
1143868
1144054
1144889
1144969
1145744
1146136
1146309
1147864
1148388
1149235
1149680
1149889
1150086
1150408
1150928
1153862
1157014
1159175
1159176
1160101
1160541
1160784
1161081
1162117
1162294
1162427
1162509
1163645
1164529
1164923
1165592
1171483
1173713
1174218
1176025
1183503
1183813
1184297
1185659
1185870
1186592
1187296
1187927
1188406
1189140
1189489
1201613
1202578
1202579
1204775
1205735
1206014
1206327
1208401
1209414
1213817
1215950
1216943
1217554
1217618
1219339
1219520
1221059
1221429
1223097
1224138
1225054
1225082
1227565
1227652
1228748
1230266
1232369
1233095
1233530
1235738
1236026
1236473
1238724
1238951
1239028
1240383
1240538
1241461
1241797
1242645
1243951
1245163
1245591
1245676
1248491
1248649
1250726
1253688
1256149
1256258
1256610
1257856
2008626
2019018
2020449
2025965
3292540
3292684
3293181
3293423
3293489
3294667
3294770
3295033
3295250
3295320
3295483
3295873
3295941
3296534
3296678
3296783
3298703
