2218
2335
2425
2446
3075
4064
4172
4920
5713
5936
6173
6347
7220
7390
7423
7699
8233
8428
9796
10252
10271
10346
10418
10656
10996
11011
11457
11583
11657
11788
11861
12326
12526
12678
12685
12702
12766
12945
13405
13558
13731
15138
15355
15720
16699
17202
17264
17420
18044
18046
18239
18286
20897
21334
21387
21406
21468
22015
22193
22980
24168
24516
25518
25526
25802
27503
27603
28799
29402
29433
30272
30333
30517
30849
30865
30902
31310
32275
32344
32373
33034
33309
33919
35150
35922
36216
37142
37458
37968
38115
38123
39304
39639
39678
40557
40657
40916
41518
42570
44487
44726
47586
48464
48972
49054
50209
50575
50671
50726
50834
51718
52569
52752
52913
53527
54533
54966
56456
56788
57250
57378
57482
57489
59339
61019
61358
61416
61517
62446
62850
63212
64142
64312
65185
65369
65589
66941
67832
68367
68897
68924
69282
70836
71397
71597
72841
73568
73865
73878
74342
74794
75068
75654
75862
76035
77159
77465
77649
79311
79934
80421
82060
82298
84402
85692
88373
89745
159233
162309
165562
165595
167622
168445
172453
172510
173080
173624
173679
174601
174693
175081
175729
175837
176151
176748
177294
177322
177323
177431
178175
179483
179485
179631
179680
179951
180445
180642
182375
183348
183592
184201
184202
184976
186093
187501
188180
188607
190104
224297
225235
256221
257742
258343
258482
258790
260118
273521
275162
275184
278807
279640
279971
280142
280143
280230
282720
283023
283024
283487
283613
283945
284037
284181
284343
289913
290221
290646
296077
296087
300987
301466
302101
322506
331719
332743
344970
346601
348974
349087
349123
376573
389218
391934
392527
393004
393027
397170
398654
399042
402861
402869
404274
404990
404991
404993
405068
405834
408540
409542
410918
412235
412982
415058
415674
418793
421238
423978
424994
425514
425552
425963
432487
433765
433835
434851
435017
435106
436031
438053
446315
447848
449265
450473
452106
452107
452108
453294
453385
454692
455590
457551
458421
459911
460029
461166
462180
462206
462207
462208
466128
466823
468217
469779
470161
470678
471221
473024
474689
475751
476224
477285
482757
487940
488398
489613
494695
495270
495517
496885
498115
498748
498913
499935
502082
502208
502595
503714
503989
504396
505051
505284
507273
507472
508167
511065
511623
512296
512976
515154
516493
517395
518031
518329
518703
519645
520064
521861
526242
526571
527175
528696
532724
534783
535995
536176
538616
538742
546589
548233
550268
