12678
13731
17264
18044
18046
18239
21387
22015
24168
24516
25518
25526
27503
29402
29433
30272
30333
30517
30849
30865
31310
33919
35922
36216
37142
37458
39304
39639
39678
40557
40916
42570
48464
50575
50671
50726
50834
51718
53527
54533
56456
57489
59339
61358
62446
63212
65589
67832
71597
73568
73865
74342
75654
75862
76035
77159
82060
84402
85692
88373
88792
89745
90359
94193
94934
96444
96641
97312
97371
98304
99452
100072
100210
101510
101928
103314
103325
104259
106208
107038
108337
109791
110306
110748
111725
111820
112004
112872
114716
116545
118221
121270
122443
123108
124625
125566
126225
126494
127137
127643
128695
128771
129399
129535
130115
130158
131067
131253
132769
132849
134861
137744
138006
140467
141084
142406
165562
165595
167622
168445
172453
173624
173679
174601
174693
175081
175729
175837
176151
176748
177431
184201
184202
187501
190104
190996
194245
194809
195913
195914
198851
203922
207868
213084
224297
225235
228560
229399
230081
230851
231236
256221
258790
260118
262985
263272
263349
263462
264161
265503
266264
273521
275162
275184
275933
276354
279640
279971
280142
280143
280230
283023
283024
283487
283613
283945
284181
284537
290221
290646
291673
296087
297356
305646
307057
307349
308753
309015
310047
310224
314319
332941
348974
349087
349123
397170
400706
406427
406812
418793
424994
425963
435017
438053
438895
443294
446315
449265
453385
457181
461112
466128
498115
503194
513860
516493
526242
546589
550268
