795
1065
1653
2054
2218
2335
2425
2446
2987
3075
3180
4064
4172
4920
5141
5713
5936
6137
6173
6347
7220
7390
7423
7699
8233
8428
9796
10252
10271
10346
10418
10656
10996
11011
11457
11583
11657
11788
11861
12326
12526
12678
12685
12702
12766
12945
13405
13558
13731
15138
15355
15720
16699
17202
17264
17420
18044
18046
18239
18286
20897
21334
21387
21406
21468
22015
22193
22980
24168
24516
25518
25526
25802
27503
27603
27828
28304
28799
29402
29433
30272
30333
30517
30849
30865
30902
31310
32011
32275
32344
32373
33034
33309
33919
35150
35922
36216
37142
37458
37925
37968
38123
38552
38979
39304
39639
39678
40324
40557
40657
40916
41223
41518
42570
42645
44487
45716
46349
47586
48464
48659
48972
50209
50575
50671
50726
50834
51718
52569
52752
52913
53527
54533
56456
56788
57250
57378
57482
57489
58589
59339
61019
61358
61416
61517
62446
62850
63212
64142
64312
65185
65369
65589
66941
67832
67939
68367
68897
68924
69282
70836
71397
71597
72841
73568
73865
73878
74342
74794
75068
75654
75862
76035
76576
77159
77465
77649
78233
79311
79934
80421
80550
81354
81863
82060
82298
83087
83305
83496
84402
84568
85218
85563
85692
86029
87643
87674
87722
87826
88172
88373
88577
88792
89110
89261
89711
89718
89745
89758
89883
89892
90359
90684
90842
90985
91060
91971
92420
92605
93705
93735
94082
94193
94359
94787
94934
95341
96216
96246
96444
96641
97312
97371
98204
98304
99067
99452
99855
99915
100072
100173
100210
100293
100663
100936
101510
101813
101868
101928
102092
102758
102915
103314
103325
103937
104259
104636
104879
105210
106208
106312
106396
106466
106556
107038
107094
107324
107441
107451
107501
107967
108337
108446
108929
109264
109350
109791
110306
110424
110748
110794
111190
111428
111604
111725
111790
111820
112004
112182
112872
113033
113147
113635
113702
114006
114127
114175
114324
114654
114716
115156
116545
116720
117085
117270
117897
118221
118663
118911
119765
121003
121270
121272
122329
122443
123108
124356
124625
124823
125061
125566
126032
126225
126494
127137
127451
127643
128278
128695
128771
129190
129399
129535
130115
130158
131067
131253
131635
132302
132769
132849
134033
134644
134861
135171
136629
137419
137744
138006
138200
138638
138833
139896
139987
140467
141084
141195
141295
141624
142087
142187
142406
142500
142638
143212
143884
145014
145133
145562
145605
145680
145978
146321
146499
147104
147233
147356
148677
148708
149086
149820
149962
150297
150588
150638
150710
150735
151084
151180
151544
151937
152224
153547
153933
153971
154619
154974
155711
155767
155902
155928
155953
156178
156701
156705
159233
162309
165562
165595
167622
168445
172510
173624
173679
174601
174693
175081
175729
175837
176151
176748
177294
177322
177323
177431
178175
178721
178722
179483
179485
179631
179680
179951
180445
180642
182375
183348
183592
184201
184202
184976
186093
187501
188180
188607
190104
190996
191095
191483
192042
193209
194215
194245
194809
195913
195914
197416
198851
198864
203922
207868
208258
210838
212782
212783
213084
214165
214829
215556
216713
218755
223357
224156
224297
225235
227781
228560
228576
229399
230081
230851
231236
231488
231719
231891
232533
232652
233146
234023
234027
234086
234176
234431
234549
234834
235085
235093
235219
235273
235327
235482
235870
236407
236594
236704
237392
237426
237524
237596
237807
237985
238635
238802
239409
240260
240392
240558
240641
241442
241597
241957
242228
242564
246159
248642
256221
257733
257742
258343
258482
258790
260118
262556
262985
263272
263349
263462
263636
264086
264161
264488
264944
265503
265801
266264
266359
272841
273521
275162
275184
275933
276354
277042
277267
277811
278127
278294
278807
278970
279640
279648
279971
280142
280143
280230
282585
282720
283023
283024
283487
283613
283945
284037
284181
284343
284537
284545
284572
286005
287019
289294
289913
290221
290646
291673
294810
296077
296087
297083
297356
298591
298971
299015
299197
299455
299511
299559
299772
299811
300009
300053
300117
300168
300286
300391
300838
300987
301384
301466
301734
301806
302101
302377
303731
303909
304000
304211
304352
304365
304424
304564
304631
305209
305646
305702
305944
306786
306798
307034
307057
307124
307349
307948
308058
308282
308647
308708
308753
309015
309060
309294
309622
309625
310047
310224
310419
310433
310527
311155
311342
311546
311558
311575
311669
312032
312061
314319
314875
315581
316229
316240
316532
316677
316817
316945
318868
319732
320728
321269
321642
322506
322509
322616
324754
325839
325858
326031
326426
330188
331719
332743
332751
332941
333082
333787
334323
334835
336987
337796
337992
338035
338297
338857
339148
339440
342599
343416
343555
343853
343914
344289
344861
344970
346601
348974
349087
349123
354282
354289
354573
376573
377520
380203
382329
385830
387437
391453
391625
392527
392592
392609
392628
393861
394296
394353
395431
395777
395789
396041
396124
396130
396657
396847
396866
397170
397276
397445
398654
399042
400017
400325
400706
400785
400888
401657
401961
401973
402339
402647
402828
402861
402869
403037
403046
403154
403165
404076
404078
404274
404932
404990
404991
404993
405068
405194
405834
406427
406812
407355
407424
407620
407992
408034
408382
408384
408424
408446
408540
408979
409337
409413
409525
409542
409898
409986
410093
410578
410918
411040
411699
411832
412106
412220
412466
412844
412915
413368
413388
413987
414186
414213
414271
414822
414896
415058
415331
415550
416225
416302
416616
416872
416873
417042
417413
417932
418442
418757
418793
419064
419376
419542
420221
420239
420299
420300
420385
420457
420500
421232
421238
421608
421695
421916
422257
422465
422877
423134
423278
423965
424500
424838
424994
425408
425410
425552
425566
425963
426815
426894
427373
427828
427892
427948
428365
428473
428955
429812
429900
430933
431332
432436
432487
433334
433386
433632
433633
433765
433835
434147
434180
434851
435017
435043
435106
435879
436031
436198
436709
437089
437382
438053
438758
438760
438895
439196
439379
439714
440004
440199
440971
441080
441145
442076
442342
442820
443197
443294
443427
443456
443846
443950
444892
446077
446315
446475
446595
446779
447272
447383
447664
447682
447848
449265
449313
449723
449798
449844
450473
450847
451631
451820
451822
451823
451824
451889
452088
452106
452107
452108
452131
452238
452356
452967
453160
453187
453294
453385
454040
454054
454055
454199
454290
454554
454620
454692
454712
454713
455590
455624
456159
456167
456612
456613
456979
457181
457277
457403
457404
457802
458055
459050
459175
459299
459641
459642
459651
459777
459904
459911
460607
461112
461500
462160
462180
462206
462207
462208
462216
462486
462894
462945
463268
463269
463346
463424
463444
463518
463672
464098
464514
464556
464885
465208
465209
465273
465429
465851
466128
466186
466369
466431
466670
466902
467144
467269
467683
467698
467708
467911
467912
468018
468143
468185
468217
468630
469153
469217
469348
469779
469797
469927
469979
470010
470387
470678
470709
470770
470916
471553
471998
472352
472707
472848
473044
473169
473326
473327
473560
474185
474689
474834
475216
475288
475363
475571
475727
475743
475895
475930
476193
476330
476670
476684
476817
476893
477311
477540
477548
477785
478220
478908
478963
479467
479799
479883
479994
480125
480137
480827
481026
481055
481133
481177
481216
481779
481780
482260
482397
482757
482922
483014
483015
483113
483641
483810
483870
483963
484158
484169
484558
484970
484981
485125
485536
485619
485973
486051
486145
486300
486455
487005
487405
487542
487610
487924
487940
488036
488162
488253
488274
488379
488641
488746
488942
489327
489572
489595
489622
489919
490105
490151
490458
490512
490548
490735
490747
490751
491173
491228
491261
492249
492271
492624
492671
492994
493428
493466
493851
494125
494339
494791
495038
495072
495186
495212
495270
495369
495455
495794
495873
496273
496384
496610
496617
496885
497143
497401
497406
497497
497532
497839
498017
498115
498630
498728
498748
498777
498913
498939
499474
499504
499626
499821
499984
500141
500219
500273
500345
500465
501166
501223
501290
501478
501550
501614
501671
501882
501916
502082
502188
502208
502249
502450
502497
502530
502679
502765
502974
503014
503050
503194
503656
503680
503885
504189
504319
504325
504426
504702
505019
505092
505109
505156
505161
505284
505330
505502
505745
505799
506458
506478
506835
506981
507250
507273
507302
507306
507310
507472
507498
507636
507680
507766
508028
508168
508402
508731
508743
508909
508986
509020
509272
509504
509658
509706
509742
510167
510214
510554
510766
510792
511048
511065
511179
511524
511587
511682
512116
512226
512624
512752
512785
512976
513010
513043
513059
513123
513133
513223
513309
513560
513860
513869
513913
513941
514034
514379
514487
514504
514761
515448
515630
515652
515671
516113
516427
516493
516645
517103
517189
517395
518080
518245
518257
518291
518329
518344
518480
518703
518778
519335
519367
519471
519645
519988
520064
520132
520229
520327
520462
520645
520666
520737
520764
520930
520959
521121
521402
521571
521722
522141
522377
522927
523029
523178
523217
523287
523603
523667
523863
523962
524020
524178
524359
524473
524865
525494
525710
525827
525834
525853
525895
525986
526242
526310
526449
526571
527127
527207
527499
527658
527926
528082
528501
528665
528696
528979
529013
529104
529392
529548
529604
529650
529799
529891
530011
530144
530677
530778
531200
531525
531611
532416
532724
532734
533167
533291
533338
533719
533760
534372
534606
534767
534783
534874
535088
535554
535581
535882
535995
536102
536503
536515
536644
536773
537563
537585
537617
537633
537796
538087
538324
538398
538616
538647
538742
538870
539250
539409
539685
539782
540317
540329
540934
541176
541458
541483
541658
541845
541950
542490
542724
542817
542925
542999
543701
543908
544281
545277
545469
545645
546096
546152
546372
546405
546589
546662
546745
547314
547637
547743
548059
549813
550040
550201
550268
550898
552770
554783
555489
816347
1000544
1000619
1001399
1002601
1003102
1003714
1004065
1004124
1004185
1004418
1004636
1005359
1005591
1005776
1005836
1006409
1007590
1008553
1008597
1009807
1010008
1010260
1010268
1010393
1010607
1011069
1011070
1011185
1011246
1011508
1011806
1011948
1012247
1012555
1013131
1013388
1013513
1013643
1013676
1013732
1014257
1015902
1016444
1017740
1017858
1019245
1019343
1019445
1019715
1020400
1020438
1020876
1020999
1021239
1023714
1023738
1023895
1024694
1027721
1032190
1036068
1036641
1037197
1038095
1038163
1038960
1039567
1040464
1040635
1040945
1041009
1041117
1041504
1041633
1042080
1042585
1042966
1043264
1043330
1043490
1043588
1043856
1044070
1044131
1044255
1044326
1045131
1045170
1045452
1045460
1045752
1046623
1046810
1046977
1047388
1047561
1047748
1048897
1049038
1049370
1050346
1050364
1050622
1050779
1050782
1051025
1051883
1052096
1052701
1053595
1053761
1054165
1055616
1055757
1056089
1056327
1056347
1056878
1057234
1057883
1058283
1058471
1058989
1059466
1059527
1059666
1059711
1059720
1059973
1060304
1060317
1061176
1061367
1061441
1061613
1061758
1061856
1062499
1062805
1062817
1062952
1063295
1063402
1063635
1063669
1064497
1065182
1065461
1065550
1066437
1066950
1068487
1074111
1074112
1075414
1075561
1079329
1080088
1080717
1081145
1082457
1082458
1082586
1084440
1085981
1086268
1086928
1087030
1087167
1088048
1088065
1088454
1088668
1089246
1089381
1089414
1089562
1089713
1089838
1090232
1090273
1090419
1090714
1091161
1091321
1091505
1091631
1091647
1095105
1095809
1100590
1102731
1102765
1102771
1104120
1104950
1108472
1114228
1124409
1127846
1128224
1128351
1129032
1129309
1129673
1129713
1129829
1130159
1130708
1131358
1131384
1131465
1131500
1131982
1132140
1132252
1132485
1132641
1133054
1133095
1133714
1133807
1133973
1134099
1135039
1135246
1135343
1135946
1136291
1136592
1136676
1136977
1137367
1137604
1137638
1137901
1138010
1138052
1138153
1138412
1138483
1138908
1138965
1139136
1139383
1139626
1139685
1139746
1140308
1140338
1140579
1140654
1141140
1141287
1141426
1141570
1142042
1142078
1142109
1142113
1142122
1142135
1142410
1142615
1142872
1142910
1142926
1143046
1143104
1143119
1143196
1143225
1143437
1143585
1143638
1143817
1143866
1143868
1143875
1143910
1144054
1144346
1144889
1144969
1145744
1146058
1146072
1146136
1146309
1146815
1147864
1148388
1149133
1149235
1149680
1149889
1150086
1150254
1150408
1150551
1150928
1152476
1153862
1154606
1154658
1154832
1155544
1156476
1157014
1158254
1158280
1159175
1159176
1159334
1159335
1159644
1160101
1160541
1160784
1161081
1161508
1161954
1162117
1162294
1162427
1162509
1163558
1163645
1163901
1164529
1164923
1165592
1171483
1173713
1174218
1176025
1183503
1183813
1184297
1185659
1185870
1186553
1186592
1187296
1187927
1188406
1188500
1189140
1189489
1191272
1200654
1201121
1201613
1202578
1202579
1202651
1204402
1204775
1205735
1206014
1206327
1208401
1209025
1209414
1211999
1213817
1215950
1216943
1217321
1217554
1217618
1217765
1219240
1219339
1219520
1220558
1221059
1221429
1223097
1224138
1224822
1225054
1225082
1226780
1226781
1226794
1227565
1227652
1228748
1229726
1230266
1230291
1232369
1233095
1233315
1233530
1234949
1235738
1235787
1236026
1236473
1238724
1238951
1239028
1240383
1240538
1240863
1241065
1241202
1241461
1241797
1241902
1242561
1242645
1243547
1243951
1245163
1245266
1245591
1245676
1245721
1245914
1246102
1246501
1248491
1248649
1248915
1250709
1250726
1250764
1251802
1253649
1253688
1254513
1254609
1256149
1256258
1256610
1256712
1257856
1259170
2008626
2014480
2019018
2020449
2025965
3292540
3292684
3293181
3293423
3293489
3294667
3294770
3295033
3295250
3295320
3295483
3295873
3295941
3296534
3296678
3296783
3298703
