25802
37925
41518
42645
47586
48659
50209
50671
50726
51718
52569
52752
52913
54533
56456
56788
57250
57378
57489
58589
61019
61358
63212
64312
65369
65589
66941
68897
71597
72841
73865
74342
75654
75862
77159
78233
81863
82060
83496
84402
87643
87826
89745
90359
90842
91060
94082
95341
96216
96246
96444
96641
97312
97371
99067
99452
99915
100072
100173
100210
101510
102758
103325
105210
106312
107038
107094
107324
107451
108337
108929
109350
110748
111428
111604
111725
112004
112182
112872
113147
113702
114006
114127
114324
114716
115156
116545
116720
117085
117270
117897
118221
121003
121272
124625
125566
126032
126225
126494
127451
128695
129399
130158
131067
131253
131635
132769
132849
134644
135171
136629
137419
138006
138200
138833
139896
140467
141084
141195
141295
142087
142187
142638
143884
145014
145133
145680
145978
146499
147104
149086
149820
149962
150588
150710
150735
151084
151180
151544
151937
152224
154619
155767
155902
155928
155953
178175
180642
183592
184976
188607
194809
197416
210838
214829
215556
216713
224156
225235
227781
228560
230081
230851
231236
236704
256221
260118
262556
263272
263349
264161
264944
266264
275184
275933
277042
277811
279971
280230
290221
290646
291673
301466
302101
303909
304000
304211
304352
304424
305209
305646
308753
309015
310047
310527
314319
314875
316240
400706
405834
418793
526242
535581
546589
