40324
41223
42645 BN
44487
45716
46349
48659 BN
48972 
50671 BN
52752 BN
53527
56788 BN
57378 BN
57489 BN
59339
61416
61517
62446
63212 BN
65185
65369 BN
65589 BN
66941 BN
67832
67939
68924
69282
71397
72841 BN
73568
73865 BN
75654 BN
76035
77465
80421
82060 BN
83305
85692
86029
87826 BN
88172
88373
88792
89711
89758
90359 BN
90842 BN
92420
92605
94193
94787
94934
95341 BN
96216 BN
96246 BN
97312 ?
97371 BN
98304
99855
99915 BN
100210 BN
100293
101928
103314
103937 
104259
104636
106208
106312 BN
107094 BN
107324 BN
107451 BN
109264
109350 BN
109791
110306
110748 BN
110794
111190
111428 BN
111790
111820
112004 BN
112182 BN
112872 BN
113033
114127 BN
114175
114324 BN
114654
114716 BN
115156 BN
116720 BN
117897 BN
121270
121272 BN
122443 
123108
124625 BN
124823 
125566 BN
126282 BN
127137
127643
128278
128771
129190
129535
130115
131635 BN
132302
134033
134861
135171 BN
137419 BN
137744
138006 BN
138638 BN
139896 BN
139987
142406
142500
142638 BN
145014 BN
145680 BN
146321
146499 BN
147356
148677
148708
150297
150588 BN
150638
150710 BN
150735 BN
151544 BN
151937 BN
153933
153971
154974
155953 BN
179483
179485
179680
180445
180642 BN
182375
183348
184201
184202
187501
190104
190996
191095
192042
193209
194215
194245
195913
195914
198851
198864
203922
207868
212782
212783
213084
214829 BN
218755
224156 BN
224297
225235 BN
228576
229399
230081 BN
234834
260118 BN
262556 BN
262985
263349 BN
263462
263636
263944 BN
265503
266264 BN
266359
275162
275184 BN
276354
277267
277811 BN
279648
279971 BN
280142
280143
280230 BN
283945
284037
284181
284537
284545
286005
289294
290221 BN
297356
304000 BN
304211 BN
304424 BN
307057
307349
309015 BN
310224
314875 BN
321269
330188
332751
332941
333082
333787
334323
334835
336987
337796
400706 BN
405834 BN
406427
406812
407424
407992
415058
418793 BN
420239
424994
425566
426815
428955
436031
438053
438895
443197
443294
457181
459911
461112
466128
503194
507680
513860
516493
535581 BN
546745
