0.00025192469507509025
0.003383409460380215
0.0029354048369333906
0.003916624106897226
0.00261602234660327
0.004237442383473037
0.004080683948888818
0.003208584602752736
0.0005383374345723083
0.003502905950214699
0.003002914628195732
0.001775161009115213
0.0032083750398317415
0.0016048503269684017
-0.002426810005458242
0.0033490023465725426
-0.0014933537154557931
0.00016687363107516058
-0.041634080485644764
-0.026561337514363598
-0.018270313864297404
-0.013680486116397708
-0.0066422449714260735
0.06410007208997046
-0.05759561805171366
1.0199338107848548
