25802
40324
41518
42645
47586
48972
50209
50671
51718
52752
52913
56456
56788
57250
57378
58589
59339
62446
65185
65369
67832
67939
68924
71597
75654
75862
77465
83305
85692
87643
87826
88172
88373
88792
89711
89745
90359
90842
91060
92420
92605
94934
96444
97312
97371
99067
100072
100173
100210
101510
102758
103314
104259
104636
106312
107038
107451
108929
109264
109350
110748
110794
111190
111428
111725
112004
113033
113147
113702
114324
114716
115156
116720
117085
117897
118221
121003
121270
121272
123108
124823
126032
128695
129399
131253
132302
132849
134033
134861
136629
138006
138200
139987
140467
141084
141295
142087
142500
142638
143884
145014
145133
145680
146499
147104
149086
149820
150710
150735
151084
152224
153933
153971
154619
154974
155902
155928
155953
178175
179483
179485
180445
180642
183592
190104
190996
191095
192042
193209
194215
194245
194809
195913
195914
197416
198851
212782
212783
213084
215556
216713
230081
230851
231236
263272
263349
264944
265503
266264
275933
277042
277267
279648
280230
283945
284037
284181
284537
284545
286005
289294
290221
290646
297356
301466
302101
304000
304424
305646
307349
309015
310224
314319
321269
330188
332751
333082
333787
334323
334835
336987
337796
400706
405834
406427
407424
415058
418793
420239
425566
426815
428955
438053
443294
457181
459911
461112
513860
526242
546745
