37925
44487
48659
50726
53527
57489
61416
65589
66941
68897
69282
71397
72841
74342
77159
78233
80421
83496
89758
94082
95341
96246
98304
99452
99915
100293
101928
106208
107094
109791
110306
111790
112182
112872
114006
114654
122443
125566
126225
127451
131635
134644
135171
137744
138833
139896
141195
146321
148708
150297
150588
151937
155767
179680
184976
188607
198864
207868
214829
224156
225235
227781
236704
256221
262556
263636
277811
279971
280142
304352
305209
307057
308753
332941
406812
407992
424994
438895
516493
535581
