0.19030600205303116
0.07000405842170701
0.05819948550462058
0.05680903386828704
0.18190084706730766
0.1051174293429817
0.05484741516572369
0.13102834369390456
0.19021610494742755
0.04114625936446176
0.1383928134284345
0.06549103663556798
0.04584176775176503
0.08369802667735136
0.3726243822194648
0.05892299931386076
0.6116803123578858
0.32673209323221153
2.744347842254514
2.715999516809843
7.654806750562978
15.78419463062979
18.695775129833525
51.24252974666425
92.45337556498859
621.8874130752213
