40324
41223
44487
45716
46349
48972
53527
59339
61416
61517
62446
65185
67832
67939
68924
69282
71397
73568
76035
77465
80421
83305
85692
86029
88172
88373
88792
89711
89758
92420
92605
94193
94787
94934
97312 ?
98304
99855
100293
101928
103314
103937
104259
104636
106208
109264
109791
110306
110794
111190
111790
111820
113033
114175
114654
121270
122443
123108
124823
127137
127643
128278
128771
129190
129535
130115
132302
134033
134861
137744
139987
142406
142500
146321
147356
148677
148708
150297
150638
153933
153971
154974
179483
179485
179680
180445
182375
183348
184201
184202
187501
190104
190996
191095
192042
193209
194215
194245
195913
195914
198851
198864
203922
207868
212782
212783
213084
218755
224297
228576
229399
234834
262985
263462
263636
265503
266359
275162
276354
277267
279648
280142
280143
283945
284037
284181
284537
284545
286005
289294
297356
307057
307349
310224
321269
330188
332751
332941
333082
333787
334323
334835
336987
337796
406427
406812
407424
407992
415058
420239
424994
425566
426815
428955
436031
438053
438895
443197
443294
457181
459911
461112
466128
503194
507680
513860
516493
546745
