0.010053396633472827
0.005758020984412095
0.003995303195529156
0.00490013537893743
0.0018048420277372993
0.003592573941959386
0.005395126378778541
0.0037017318255948674
-0.0013652032406220437
0.0037258698393549134
0.00020831591806908998
0.002274040409213261
0.0037217681085988585
0.00253428657051518
0.0033719802537078417
0.003597017190973448
-0.002604673839726785
0.0001107079610453654
-0.030824924026720456
-0.025793586577269947
-0.04783901233788304
-0.013631653910627619
0.08414346753952334
0.14449960762633324
-0.014637763244609652
0.697387716214797
