0.0002912574133755049
0.0033935259589668843
0.002944341851685051
0.003882039325032612
0.0024258623687361076
0.004268150229372885
0.00412153406931766
0.0032311311035093005
0.0005460943926639267
0.0035016156928848233
0.0029424556996901804
0.0017772628638681588
0.0031908006984016275
0.0015953918066651536
-0.002416919023687262
0.003348469744018171
-0.0017191589682673289
0.0002535950236764314
-0.010268537367230664
-0.006940739208565653
-0.005173218843479787
-0.004909144749052427
-0.0022784969632063104
0.01566729047645484
-0.010416805963444246
0.26865403973546453
