0.004755977022212318
0.0017816521376018517
0.0015367738349735512
0.0014603062883327108
0.004792934203349512
0.0027748515461524306
0.0014628488229043645
0.00331472066304497
0.0046013825436788
0.0009883466602386985
0.0031778021048141187
0.0015101768150603387
0.0010237677345088904
0.0017762131144402123
0.007849920861601297
0.0012749856498121413
0.012859765809783295
0.006727591414383748
0.00662766124846517
0.0077328875305126945
0.01788169505513667
0.026609239257384898
0.024454510345272
0.04834244108299969
0.0733180478832702
0.30845967532837293
