0.00022531098210359061
0.003377653882533433
0.002931771769448899
0.0038846734451924362
0.002688537804192894
0.004150475857748183
0.004139580085892916
0.0031702661752724833
0.000466142376922715
0.00351402458703107
0.0029617183459798545
0.0017362477744428061
0.0032232480449774065
0.001511846135159472
-0.0020185617989055783
0.0033796565736993363
-0.001744126810120145
0.00032761298068013944
-0.01049415308833615
-0.006837094323714521
-0.003931276837075422
-0.0036669139700638313
-0.0028732650578020434
0.016223177723658274
-0.011445842019653055
0.25894481807437486
