2218
2446
4172
4920
5713
7699
8428
9796
10252
10271
10418
10996
11457
11657
11861
12678
12702
12766
12945
13558
13731
15138
16699
17264
17420
18044
18046
18239
20897
22015
22980
24168
24516
25518
25526
27503
27603
28799
29402
29433
30272
30333
30517
30849
30865
31310
32275
32344
32373
33034
33309
33919
35150
35922
36216
37142
37458
37968
38115
38123
38552
38979
39304
39639
39678
40324
40557
40657
40916
41223
41518
42570
42645
44487
44726
45716
46349
47586
48464
48659
48972
49054
50209
50575
50671
50726
50834
51718
52569
52752
52913
53527
54533
56456
56788
57250
57378
57482
57489
58589
59339
61019
61358
61416
61517
62446
62850
63212
64142
64312
65185
65369
65589
66941
67832
67939
68367
68897
68924
69282
70836
71397
71597
72841
73568
73865
73878
74342
74794
75068
75654
75862
76035
77159
77465
77649
78233
79311
79934
80421
80550
81354
81863
82060
82298
83087
83305
83496
84402
84568
85563
85692
86029
87643
87674
87722
87826
88172
88373
88577
88792
89110
89261
89711
89718
89745
89758
89883
89892
90359
90684
90842
90985
91060
92420
92605
93705
93735
94082
94193
94359
94787
94934
95341
96216
96246
96444
96641
97312
97371
98204
98304
99067
99452
99855
99915
100072
100173
100210
100293
101510
101813
101868
101928
102758
102915
103314
103325
103937
104259
104636
104879
105210
106208
106312
106396
106466
106556
107038
107094
107324
107441
107451
107501
107967
108337
108446
108929
109264
109350
109791
110306
110424
110748
110794
111190
111428
111604
111725
111790
111820
112004
112182
112872
113033
113635
113702
114006
114175
114324
114654
114716
115156
116545
116720
117085
117270
117897
118221
121003
121270
121272
122443
123108
124625
125061
125566
126225
126494
127137
127643
128278
128695
128771
129190
129399
129535
130115
130158
131067
131253
131635
132769
132849
134861
137419
137744
138006
138200
138638
139896
139987
140467
141084
141195
141295
141624
142406
142500
142638
143212
143884
145014
145133
145680
145978
146321
146499
147104
147233
147356
148677
149086
149820
149962
150297
150588
150638
150710
150735
151084
151180
151544
151937
152224
153547
153933
153971
154619
154974
155711
155767
155902
155928
155953
156178
159233
162309
165562
165595
167622
168445
172453
172510
173080
173624
173679
174601
174693
175081
175729
175837
176151
176748
177294
177322
177323
177431
178175
179483
179485
179631
179680
179951
180445
180642
182375
183348
183592
184201
184202
184976
186093
187501
188180
188607
190104
190996
191095
191483
192042
193209
194215
194245
194809
195913
195914
197416
198851
198864
203922
207868
210838
213084
214165
214829
215556
216713
218755
224156
224297
225235
227781
228560
228576
229399
230081
230851
231236
231488
231719
231891
232533
233146
234023
234027
234086
234176
234431
234549
234834
235085
235093
235219
235273
235327
235482
235870
236407
236594
236704
237392
237426
237524
246159
256221
258790
260118
262556
262985
263272
263349
263462
263636
264086
264161
264488
264944
265503
265801
266264
266359
273521
275162
275184
275933
276354
277042
277267
278127
278294
278807
279640
279648
279971
280142
280143
280230
283023
283024
283487
283613
283945
284037
284181
284343
284537
284545
284572
287019
289294
290221
290646
291673
296077
296087
297083
297356
303731
303909
304000
304211
304352
304365
304424
304564
305209
305646
307057
307349
308647
308708
308753
309015
309060
309294
309622
310047
310224
310527
311342
314319
314875
315581
316229
316240
316532
316677
316817
316945
319732
320728
321642
324754
325839
325858
326031
326426
330188
332743
332751
332941
333082
333787
334323
336987
337796
337992
338857
339148
339440
348974
349087
349123
376573
389218
391934
393004
393027
395777
395789
397170
398654
399042
400706
402828
402861
402869
404932
404990
404991
404993
405834
406427
406812
407424
407992
408540
408979
409337
409542
410918
412235
413388
414271
415058
418793
419376
420239
420299
420300
420500
421238
423978
424994
425514
425552
425566
425963
426815
428955
432487
433334
434147
435017
435106
436031
436198
438053
438895
439379
441145
442076
443197
443294
443846
446315
447848
449265
452106
452107
452108
453294
453385
455590
457181
457551
459911
460029
461112
462180
462206
462207
462208
462216
466128
466823
466902
468185
468217
469348
469779
471221
473024
474689
475216
475571
475751
476224
477285
482757
483963
486051
487940
488398
489613
492271
493428
494695
495270
495517
496885
498115
498748
498913
499474
499626
499935
501671
502082
502208
502595
503194
503714
503989
504396
505051
505161
505284
505502
507472
507680
511065
511623
512296
512976
513860
514379
515154
516493
517395
518080
518329
518703
519471
520064
521722
521861
525986
526242
526571
527175
528696
530555
532724
533338
534767
534783
535581
535995
537633
538616
538647
538742
538870
541176
545469
546589
548233
550268
1000544
1000619
1001399
1002601
1003102
1003714
1004065
1004124
1004185
1004418
1004636
1005359
1005591
1005776
1005836
1006409
1007590
1008553
1008597
1009807
1010008
1010260
1010268
1010393
1010607
1011069
1011070
1011185
1011246
1011508
1011806
1011948
1012247
1012555
1013131
1013513
1013643
1013732
1014257
1016444
1017740
1017858
1019245
1019715
1020400
1023714
1023895
1024694
1027721
1045752
1049370
1051883
1052701
1053595
1053761
1055757
1056327
1056347
1056878
1057234
1057883
1058283
1058471
1058989
1059466
1059527
1059666
1059720
1059973
1060304
1060317
1061176
1061367
1061441
1061613
1061758
1061856
1062499
1062805
1062817
1062952
1063295
1063402
1063635
1063669
1064497
1065182
1065461
1065550
1066437
1066950
1074111
1074112
1079329
1080088
1080717
1081145
1082457
1082458
1082586
1084440
1085981
1086268
1086928
1087030
1087167
1088048
1088065
1088454
1088668
1089246
1089381
1089414
1089562
1089713
1089838
1090232
1090273
1090419
1090714
1091161
1091321
1091505
1091631
1091647
1095105
1095809
1100590
1102731
1102765
1102771
1104120
1104950
1124409
1127846
1128224
1128351
1129032
1129309
1129673
1129713
1130159
1131465
1131982
1132485
1133973
1134099
1135343
1135946
1136592
1136676
1136977
1137604
1137901
1138052
1138153
1138412
1139136
1139383
1139626
1139685
1140308
1140338
1140579
1140654
1142122
1143046
1145744
1153862
1157014
1158254
1158280
1159644
1160541
1171483
1176025
1183503
1183813
1184297
1187296
1188406
1188500
1189140
1189489
1191272
1201121
1202578
1202579
1204775
1205735
1206014
1206327
1209414
1213817
1215950
1216943
1217618
1219339
1221059
1221429
1223097
1224822
1225082
1228748
1232369
1233530
1236026
1236473
1238724
1239028
1240383
1241461
1241797
1243951
1245591
1245676
1248491
1248649
1248915
1254513
1254609
1256149
1256258
1256610
1257856
1259170
2008626
2019018
2020449
2025965
3292540
3292684
3293181
3293423
3293489
3294667
3295033
3295250
3295320
3295483
3295941
3296534
3296678
3296783
