array([[ 8.42512748e+00,  1.58895117e-01,  5.60069456e-01, ...,
         8.96429211e-01, -2.65153708e+00,  3.59255487e-01],
       [ 8.31361302e+00, -1.57074694e+00,  3.19624043e-01, ...,
         1.10234403e+00, -1.85022376e+00,  9.23882609e-01],
       [ 8.97245459e+00, -1.35887702e+00,  2.31080698e-02, ...,
         1.11409823e+00, -1.21011613e+00,  9.91880587e-01],
       ...,
       [ 8.31809952e+00, -8.63854890e-01,  7.19300482e-04, ...,
         9.64601992e-01, -1.96445304e+00,  1.18227486e+00],
       [ 8.31412625e+00, -8.58308990e-01,  1.43876553e-03, ...,
         9.61275496e-01, -1.92870186e+00,  1.26991739e+00],
       [ 8.31523204e+00, -8.51842991e-01,  2.16783291e-04, ...,
         9.79162609e-01, -1.94226663e+00,  1.18925563e+00]],
      shape=(6990, 15))