25802
37925
40324
41223
41518
42645
44487
45716
46349
47586
48659
48972
50209
50671
50726
51718
52569
52752
52913
53527
54533
56456
56788
57250
57378
57489
58589
59339
61019
61358
61416
61517
62446
63212
64312
65185
65369
65589
66941
67832
67939
68897
68924
69282
71397
71597
72841
73568
73865
74342
75654
75862
76035
77159
77465
78233
80421
81863
82060
83305
83496
84402
85692
86029
87643
87826
88172
88373
88792
89711
89745
89758
90359
90842
91060
92420
92605
94082
94193
94787
94934
95341
96216
96246
96444
96641
97312
97371
98304
99067
99452
99855
99915
100072
100173
100210
100293
101510
101928
102758
103314
103325
103937
104259
104636
105210
106208
106312
107038
107094
107324
107451
108337
108929
109264
109350
109791
110306
110748
110794
111190
111428
111604
111725
111790
111820
112004
112182
112872
113033
113147
113702
114006
114127
114175
114324
114654
114716
115156
116545
116720
117085
117270
117897
118221
121003
121270
121272
122443
123108
124625
124823
125566
126032
126225
126494
127137
127451
127643
128278
128695
128771
129190
129399
129535
130115
130158
131067
131253
131635
132302
132769
132849
134033
134644
134861
135171
136629
137419
137744
138006
138200
138833
139896
139987
140467
141084
141195
141295
142087
142187
142406
142500
142638
143884
145014
145133
145680
145978
146321
146499
147104
147356
148677
148708
149086
149820
149962
150297
150588
150638
150710
150735
151084
151180
151544
151937
152224
153933
153971
154619
154974
155767
155902
155928
155953
178175
179483
179485
179680
180445
180642
182375
183348
183592
184201
184202
184976
187501
188607
190104
190996
191095
192042
193209
194215
194245
194809
195913
195914
197416
198851
198864
203922
207868
210838
212782
212783
213084
214829
215556
216713
218755
224156
224297
225235
227781
228560
228576
229399
230081
230851
231236
234834
236704
256221
260118
262556
262985
263272
263349
263462
263636
264161
264944
265503
266264
266359
275162
275184
275933
276354
277042
277267
277811
279648
279971
280142
280143
280230
283945
284037
284181
284537
284545
286005
289294
290221
290646
291673
297356
301466
302101
303909
304000
304211
304352
304424
305209
305646
307057
307349
308753
309015
310047
310224
310527
314319
314875
316240
321269
330188
332751
332941
333082
333787
334323
334835
336987
337796
400706
405834
406427
406812
407424
407992
415058
418793
420239
424994
425566
426815
428955
436031
438053
438895
443197
443294
457181
459911
461112
466128
503194
507680
513860
516493
526242
535581
546589
546745
