0.026770237140005322
0.004341173979011191
0.004022765993182561
0.003729109314716898
0.014639557814320314
0.007250010085928692
0.0034227379975386727
0.008120535735948415
0.01673046059816686
0.0023431147151759873
0.01100370011637775
0.0035161169934635264
0.0024294231707758314
0.004777505630317808
0.01733965021404013
0.002952761279505213
0.025310635986968935
0.014626835580939067
0.04344874284842275
0.041590841687360235
0.10570151861598995
0.13030392130407806
0.13799747211015118
0.32004331860804747
0.3794456224140864
1.9967070917073213
