0.004846688555873494
0.0017702161455218457
0.0015151525347322792
0.001477081699486012
0.004795161487361295
0.0028043000448383527
0.0014230315403693538
0.0033721960455817476
0.004604172243926088
0.000996843523721991
0.003201229294905161
0.0014837259090464414
0.0010514438276087662
0.0017867103361637277
0.007902534256692635
0.0012671360334727219
0.01282508279650613
0.006642200495525069
0.015721369902761233
0.019481382934710485
0.04168994517655708
0.06773872644503222
0.05078391061668457
0.11714857622130272
0.15431868178319486
0.7267504708190757
