0.004799377543956642
0.0018102863336903457
0.0015557736219577014
0.001457742081857219
0.004810164293576009
0.002779673965047528
0.001456564722211243
0.0032863694814080405
0.004545482434376952
0.0009698005452983059
0.00320516715645289
0.0014984810651459371
0.0010223643495862072
0.001795402366586108
0.007900249617289579
0.0012467090583815166
0.012790100117216525
0.00665152871045924
0.006791055934600131
0.007736729692139583
0.01727509284446583
0.026529830270584268
0.025093420740991197
0.049549329657860575
0.0716984883610622
0.31850822648701316
