-0.0008306116828585932
0.002481979831428726
0.0023142065782295884
0.003138199010053316
0.0027820085318224193
0.0035187806907295265
0.004237009254899943
0.0038702277744380766
0.0010984674659398606
0.0032444278819723903
0.005185817422894796
0.0022203628480505088
0.0031543172770288714
0.0015941684107476446
0.006291795326231352
0.0030197201138424928
-0.0027556351348968218
0.0014056884731169198
-0.039762393962767865
-0.0805265874532556
-0.018260913973790045
-0.12536128471119676
-0.10425993129811133
-0.23434572638182505
-0.2512263134922322
0.9698598977062913
