0.013602545176511069
0.004881266906822904
0.00418573586114118
0.004006397117632133
0.011819083981346512
0.00660858853473138
0.004497291600729203
0.008724245872751129
0.010965453175484648
0.002789665789815597
0.00703693297482256
0.003962916139391209
0.0029141015902817598
0.004770126664224769
0.02748426347252772
0.0034643816350786796
0.04005121610768551
0.019995219437368306
0.05418067248220371
0.047682272255859276
0.12924007701303913
0.1722806903216251
0.19441605586003713
0.38011761692838586
0.47193920404209
2.1313270896307874
